883.01,289.01,48.98,133.98
881.1484001589671,296.95153192898897,48.96380907041723,133.86147776799865
882.4408752184958,296.66135431127253,48.80878558519475,137.6306714853346
881.0861748770076,304.32206984506655,48.30215114053124,142.57728393581297
884.9976663695132,306.1325472624467,47.17334721359495,147.97830652567427
894.9694650987129,319.8304691772722,46.08748634272002,151.30933990854754
889.1879233742688,344.6497820259171,45.175690526776535,154.79086191633598
898.8110343273022,313.9156235402989,42.65917252390826,162.2038581478263
923.6997983802296,337.54896359606187,41.32543866854161,165.61315765055815
911.3307974380269,332.78392748736127,38.645248643156854,172.7227095623258
902.1232159586108,342.4935122548932,35.64887061688178,180.3029315830481
931.0156129346229,322.53016340307505,32.86604504864663,186.70655418292463
951.1291759296358,318.15898126813556,28.167403403103147,197.59361588055324
941.4398655651871,331.9584626252738,24.061910438763427,206.28689330909899
957.0111316594234,332.482109001613,18.333213775803326,218.17322100930147
903.9157019299073,303.3922797952479,25.487726799288883,203.8167313507427
913.2227172785223,302.6056766032921,21.14381672278643,213.71272692685386
977.3384163365574,337.21597764660055,17.586208584743467,220.26338796279563
909.362291903245,312.9613002239987,25.15317302754015,204.3241038919836
917.3004568338157,316.4813454398594,20.27218637471173,215.72413987932967
953.3543559072929,337.9641752859351,17.320027876194978,221.31563961100645
913.5096579891288,317.0768217747169,24.635858038694977,207.7267296900834
919.4127381548741,319.81639881534534,21.171945670155964,215.60865005645834
926.886096329676,337.45512890910584,17.117926654841717,223.9656922798261
921.2203541043732,318.22762892445746,24.111744593911617,209.8573110540545
943.3838782292427,338.69657090355173,20.962289575373926,216.06026190421554
953.4815962534522,335.2956280132396,17.01557941806817,224.13688373163083
923.6687772012041,320.3311008510726,24.999520592632784,209.21476465508584
955.3835732823322,348.83422451193246,21.479878686723975,216.7734205926435
965.1640427639617,352.05259928055705,15.969495906326518,228.40874213083384
926.979231430602,311.70423045653035,21.94757804570206,217.0783877989067
934.2683871897977,331.927354420719,16.22508813680781,229.22466535270726
927.1391997227436,311.84046806993075,20.96442868523498,220.75745065804347
950.9886304268708,329.1590624472925,15.702861283328055,231.61267065576138
930.9624522294722,309.52435941567023,24.07590020375997,216.0940327431758
965.2314852124409,336.7245812622528,21.76220710159224,220.90398867769625
975.9258796296643,332.0179367602782,18.16130393303878,228.16669441443352
930.7680411231835,303.6452980808382,26.488150379594426,212.9479443685284
982.5753643279936,342.0300812049036,21.11588220483733,223.1553449783078
978.617299285072,338.89264210766044,15.394573516571604,234.39020604480334
936.6163610274056,297.57614561147835,21.644763935713257,222.44208331451128
984.5516578197255,331.9250581050489,16.422211122557748,233.40816823947952
936.7512818471182,297.89139065606884,23.784483453514397,220.72422139915844
991.8229742697996,345.28537263923954,15.831024755612596,236.7121668566451
942.3145680428823,300.7191531569121,20.062185048802682,229.97397746436636
987.5897061266629,344.7661509334323,15.37432800965929,239.4136809469705
943.4560980530296,299.20595352460396,19.901119047062906,231.5305815019319
961.5972012082244,281.0180431081499,14.965416948098955,242.20583318200792
949.1913010413607,301.2557820969372,22.683728588588927,227.80896085628882
992.4696156237238,306.77664668142614,17.100709348179095,239.07083581328757
950.2669343523161,308.6022197984573,25.17597087781105,225.41039602301186
1011.3026459885931,326.48102285181744,18.98311816189767,238.2514608757642
1011.9108857868698,343.88696821618004,10.72386722592763,253.99427290582813
963.7129186715496,313.09842629519846,16.6255997964119,243.14300439183424
960.5791780770415,318.9762721146261,24.225875651718276,230.03673527933844
981.9970473810195,344.0708825555419,18.326469746399162,242.18261647880573
1001.2617138392513,352.6596885137901,10.616900013529218,257.45444837944797
968.6145860912233,314.27883564732304,17.852695273989642,244.639089598222
998.5517996657452,351.47921587125785,11.296505429633278,258.01411650386797
969.3888616731614,320.0702407679155,16.70091077271095,249.1285678702207
968.2635383231514,324.9112216136372,26.195383862043784,232.43791057636017
978.430968033069,304.4267424185415,17.51943233252834,250.95246985766494
1009.227597117424,314.3290975627435,10,270.05224336442694
979.2412920981704,320.14293581895345,17.02234987615371,257.82345216170324
992.3704507082476,297.40636117934304,10.104702287957199,272.67684474231567
980.0550358220149,332.4237172002501,15.880942598142465,262.60520643097027
975.1180381353453,326.0789558417447,24.357302869209633,247.15646163089127
1007.4238005360806,367.58791129617083,14.01296327892053,268.83094879332805
989.0828001026026,307.15382386898,18.641073917605137,259.83237865259247
997.5882933750762,286.30847187673214,12.10002278983335,273.76856412817705
987.0777710780997,326.72841761720804,19.831690171262004,260.5875547883386
1004.6892204880714,300.30896388351175,10,281.9690647947937
993.0872083414754,325.6721656004787,15.112267472513377,272.685665969014
991.792739122474,310.12776447482577,22.335123242211782,259.7606056104567
1029.8049715016994,300.7323282748938,10.150750189083247,283.68440638174997
1001.9467153994809,299.67936856971477,14.971819430873634,275.2851521089416
999.8497539523755,304.9676348698946,22.533619808452382,261.48685112937056
996.6167810848975,283.5429324429308,13.9498896019412,280.34943957704803
1002.9093495119912,300.8342622887511,20.216080643871813,269.2691106654367
1024.2382729272097,316.4789001798141,10.805372790485546,288.6965821672463
1027.9225772671814,279.83741807563115,13.173283924079703,284.3299339488545
1012.7587515236435,283.4136547030838,19.67640004128279,272.5025387045082
1040.8394242071088,280.8999567148365,10.974466295446021,290.0988557701752
1022.9022672680941,265.54014727911283,12.430220145399126,287.3025292070522
1018.9221878323903,276.14830235594184,16.62130243103713,279.41932127965157
1035.4313816428185,266.2266946709728,10,299.8582204626847
1026.3366852371864,270.7366802368467,13.79837585111987,293.2991141132702
1019.1005346835217,258.6269526962576,16.942742693312795,287.501034938467
1032.7471589446068,235.9026179819571,10,304.484730917361
1031.6735213709876,263.57261098762865,12.454154697456751,300.3193054528929
1028.4557873154745,254.5080550823575,15.800738454845284,294.50283391992934
1046.0535289794207,255.09451799418764,10,312.4247967834028
1043.3149504236135,250.54904845551368,12.136766429394036,308.76873707382447
1045.342617074417,260.2926405465946,13.7081855043432,305.95471725933834
1048.9261038323289,268.15497224301987,15.362614538263083,303.0418233519615
1065.3814723044634,255.7413826103959,10,320.87789896807004
1054.76229679104,258.7433664615769,11.861249128653622,317.6713307865821
1060.8532663135377,266.8289834504943,13.260285616189934,315.4032044518746
1070.600015251054,278.441808802515,11.712191793891849,317.9121881472473
1063.8290845084748,265.9510943797281,12.786154910214593,316.0450471228261
1060.2709050368283,274.51984108003296,13.52921950002246,314.77291588957473
1066.8104701751317,265.9917704100763,12.777681119472607,316.0788960585286
1075.162447876457,271.75524277478974,12.410557763330887,316.64308540045175
1082.3728449286007,278.9251558135002,12.631582659287881,316.31491513052595
1082.0702416428956,284.6793210471755,12.834984038465754,315.99481040933017
1086.3049760288056,291.15373196236413,11.472846542585756,317.9937710954324
1082.1662688644321,287.21762256685383,11.436769050043322,318.0482117759489
1083.2699440289061,290.2261816530289,11.300648417369278,318.25921011589736
1085.4390019600544,302.0305078675792,11.305481945484116,318.252009560576
1080.4396311321614,302.71256833764426,11.454448286939133,318.0184168320396
1089.1330267629148,308.3686724635229,10.80877259550055,319.0153964693814
1084.08762492193,305.2750148721439,10.25787076446961,319.81618220649113
1083.389727207071,307.5778248771553,10.745059545742588,319.08381816456216
1076.7546572120982,307.0251373088865,11.058109157880477,318.628504447836
1081.4670666780532,321.5703042485053,11.005288059222272,318.70596002782685
1075.775563033114,318.3034335135002,10.939068969706616,318.8068110826455
1075.4219304238022,313.5841737174859,10.976138131964225,318.74925122978874
1069.6482325523211,319.35981286750683,11.161993080553614,318.46231428411704
1069.2961608613293,314.12666859026297,10.73691418871079,319.1231819630554
1066.3258076940301,315.54657244373334,10.792502038811877,319.03996080778103
1075.328403890133,321.3167863636251,10,320.278478890849
1061.3086399435997,318.0016806112373,10,321.0757979777169
1061.0165525972843,315.29756911649827,10,321.7822878548598
1062.240243703127,312.58149838800824,10,322.67575781830953
1059.551567107439,316.8841123456216,10,323.85693737378597
1061.623576194048,312.02228071519403,10,325.40442074877683
1067.4457831680775,315.92015173280197,10,327.3303927333363
1059.9544539749622,307.7059937894937,10,329.38837304103447
1066.3720469772816,305.23608562088936,10,331.2933797888571
1065.1702289879322,277.91152637446567,10,332.0671816618315
1063.8688843548298,285.3758993154328,10,332.5960382808127
1055.231647759676,286.0784232213208,10,333.0236338587385
1065.7344916164875,279.5116732884991,10,333.9117743036056
1063.186814814806,278.34580873097104,10,334.5271134049669
1058.8568096458912,282.0177880056797,10,335.013806615651
1061.5091283619404,283.89043769484476,10,335.5906884621438
1055.0698082745075,279.6654701477673,10,336.4262055265136
1060.0265767872334,268.44359417457144,10,337.15871861182126
1059.502167135477,271.0053571788467,10,337.21181356350644
1049.7909769117832,265.7309520038928,10,337.8436269575426
1048.9935776889324,263.0498536495918,10,338.43969035773404
1053.9419958293438,257.9517920645734,10,338.9836767250975
1047.9301731288433,260.54156406296033,10,339.2480538174959
1049.51953753829,256.914387518761,10,339.5977409589342
1049.2765309214592,249.773259332179,10,340.2379856896421
1056.9469839930534,246.93151725165507,10,340.7524701787539
1042.101722419262,254.87539918667707,10,341.1007540534609
1068.2673203349113,262.88720600685406,10,341.38174589711576
1034.40715187788,258.77858855607496,10,342.32516564364465
1050.8975235819817,256.1235401315625,10,343.2172083888182
1036.5133597254753,248.27743637637698,10,343.77908104506326
1065.389254271984,258.98720670836127,10,344.1122202059238
1033.571648299694,251.57907247546385,10,344.7039002775536
1066.7809988856316,252.11291410744715,10,345.28487600444697
1045.2040430903435,247.41153962453768,10,346.00132946092754
1064.9419848322868,245.7775881278699,10,346.28586739536416
1057.5233032107353,246.20861720415726,10,346.5702442651436
1055.697216808796,241.68699102133854,10,346.9193170958689
1056.2911939024925,246.65616064663556,10,347.33709032543845
1076.0873307585716,249.97651717800156,10,347.883628830547
1057.6113652586937,253.97685343489204,10,348.20780258446626
1063.1852440238,240.39285007961115,10,349.3926168511804
1062.2062713503838,242.76379865574623,10,350.1731010046048
1059.8887647986412,241.889974711567,10,350.7070003187064
1068.0806822180748,243.5724957750456,10,351.18782439505725
1068.9928824305534,246.89693677600712,10,351.5400252903205
1076.5057532191277,247.86534960304505,10,352.67542210748184
1065.0179468989372,247.053282772222,10,354.15256871835624
1083.0662009119987,235.41652049690973,10,354.9752532726429
1069.969135940075,236.5930856956935,10,356.13313066087244
1077.729510962963,236.63646957563344,10,356.6105563285553
1080.4111911654472,238.69561931251565,10,357.4124943959896
1086.2551748156548,260.4932864044895,10,358.3681398262998
1069.9627725481987,255.18858057882474,10,359.5696602041307
1069.993038898334,245.19250333100788,10,359.94107953130737
1080.1185519751161,264.5691165853103,10,360.95812050927475
1070.4503428991884,265.1435489372751,10,361.75356527838284
1080.7162072714418,259.91199152923707,10,362.77528242752777
1068.0762040670961,268.52513306688604,10,364.1808104941977
1069.2098290976137,246.72298203952158,10,365.67575280771564
1069.6649265345186,249.32378631818642,10,367.1043722929885
1052.0421657618135,238.326915873869,10,368.0512362742747
1056.1921744402498,224.08101338898098,10,368.60011102249314
1045.8747134264559,227.14066470640364,10,368.8527222975599
1058.1408896502107,236.39900996384034,10,369.29749952560644
1038.9880862291902,238.0463719558708,10,370.6815394079701
1041.0629394110292,241.46799299605692,10,371.86114164217304
1047.3244144972414,247.20056791747234,10,373.27971410464005
1042.3979919012636,233.04611274410289,10,373.6033968665401
1033.1791751440614,227.50538476093826,10,374.2686960640705
1054.33591533266,230.15325011611486,10,374.59992610811184
1047.9681193884462,226.46443251112095,10,374.9063390128018
1052.6655829008669,232.39954809370244,10,375.4211605286081
1039.3511374052614,225.9577087728838,10,375.7369051339905
1049.1338112410158,221.12004858824724,10,376.17735363894474
1049.7870318945497,215.18277170823117,10,376.4149988677879
1063.9196202810854,218.60767931544157,10,376.5324678559428
1062.084208374843,219.25632760560376,10,376.62366719770705
1056.6558755692095,220.83444047921475,10,376.725690733322
1068.6284059341997,225.27527270324478,10,376.77428408250313
1070.5195140894502,235.5168873295095,10,376.90495596827935
1105.214292531833,258.451448327761,10,377.036947863378
1185.6166744288057,358.02385516673223,10,377.07118081629477
1200.70056915842,330.7733654466092,10,379.46580649677526
1218.8602142389864,317.33990510625233,10,381.55077336584344
1240.5578479822725,308.9101259356355,10,384.0368604470064
1246.6173133905977,291.16969506223654,10,386.77401644429256
1254.9955253656954,279.72097557027405,10,389.2498665305124
1275.9461154993623,278.7099747705868,10,391.4786772929805
1296.5734405573457,284.28109925718195,10,393.59149519143335
1316.1149368342012,294.91801736367097,10,396.9289012727667
1363.908447271213,307.64283357322137,10,401.2967909026162
1401.76111603342,377.0765739954795,10,403.0454447016545
1375.6735858973116,349.7179243450091,10,403.781378798738
1388.7937088068575,368.79990914593236,10,404.6389393482586
1379.7447872217745,338.8674065077226,10,405.74993156315475
1385.5757393892854,348.50669067528486,10,406.3632184678983
1391.1893134173006,343.7382698145775,10,407.3231310969059
1393.2416830118746,339.7184576625309,10,408.3473154138165
1387.553087240085,333.39928279610854,10,409.13718969042344
1379.1083631571382,321.9467679499351,10,409.81684516096846
1383.4410619791597,358.1558703967968,10,411.7869230431241
1350.4559316691011,327.24723755130657,10,412.5447137890361
1378.7309675272554,355.2952793563503,10,413.95233806469076
1362.1717805918306,353.1775363157203,10,414.63265384832806
1351.5292406138033,349.3021250219118,10,415.47663849572905
1377.6593980845064,369.3086709328702,10,418.13011924461307
1392.049907689914,418.94257018715984,10,419.8866203576158
1396.3571133669466,449.46057613654693,10,421.09989892515017
1405.5436568316072,430.72469745450803,10,422.84788996232373
1412.311574941501,431.2763888493505,10,424.11692033105555
1421.336127286777,441.1965484708661,10,424.98659063575377
1436.500591283664,423.7484496199655,10,426.73797098526
1449.4532232340425,419.5893676207632,10,427.96951369917986
1463.7616386469454,444.1160030556242,10,430.2870924388328
1482.1606140192598,455.3430829621733,10,433.6054565057396
1485.7228298243135,447.71916222288735,10,435.6578290817236
1481.0263381060213,448.63044976192407,10,438.07096605504177
1474.155086999759,438.74491171412535,10,440.82868880286077
1494.209915643558,464.4003616111804,10,442.5279628063582
1505.0780959185213,461.6660410873691,10,445.721022255699
1514.1200461443514,442.22084257177505,10,450.1339527036351
1527.3894810732454,436.8008595993588,10,452.0378205497127
1549.4821229036897,424.10801526728574,10,453.30016097777474
1583.603708749637,428.16743298031594,10,454.70975935145805
1648.039888864383,437.8388680904773,10,455.56007875210696
1706.9409546907991,445.69661788939493,10,456.27823393942805
1800.3654618319124,520.5934827599297,10,459.3077311270694
1852.5985550936311,595.5180139702927,10,464.11354541532785
1858.5032243784517,609.5648104046994,10,468.0436112989557
1865.7893118914217,655.4594071853376,10,470.47988923426135
1864.7779451664537,655.207505145838,10,471.7870913859802
1870.2307039555162,648.1190605121842,10,473.3607816481608
1864.248145705089,643.1962739233174,10,476.0867631129427
1853.4504219349474,632.0551875340708,10,477.56311733369677
1859.1852470692247,641.085182974489,10,480.8499415621131
1869.4106603916734,624.6663842735186,10,483.5688942496987
1865.3179150875658,599.2522032620816,10,487.5725377972307
1861.428521996364,610.5138838447419,10,490.85199874494714
1867.3014735039324,623.2657009138534,10,493.821915403233
1855.0713156517595,627.2362158741983,10,495.3532975919185
1850.0883420761675,610.9021006516745,10,498.09267977036444
1856.32780922018,588.3017520941647,10,501.94324871155567
1860.727998143062,584.2599268273508,10,505.0272683171441
1851.7744926270097,609.6271585620058,10,506.61626828777554
1861.590477352962,604.866764875131,10,509.40395906194607
1859.1292423065752,616.5138108149279,10,511.70202454624405
1852.4474934395403,625.7961953239892,10,514.0654972578578
1862.3462561424822,625.7182897919115,10,516.267478079856
1852.4163807686418,626.1171768802058,10,518.0365748310782
1847.5071667488664,616.264591875079,10,519.3450353991932
1857.8920420464128,600.5520154762412,10,522.1977375590515
1846.2124317940325,627.5744491440119,10,524.0324364161369
1853.7709645088762,602.5038253400083,10,526.6724785798081
1851.2764426525682,624.7789315575085,10,529.512406678255
1854.4706562813371,624.0310665997054,10,532.2464959259461
1845.2252720650285,617.1100011151309,10,533.5946731902608
1844.433543568477,610.500228989193,10,535.7312639890727
1843.121606355533,618.7637390197754,10,538.6727841195583
1838.0949454363436,597.3892827998412,10,540.1757973589872
1850.4725804384798,637.1972709077077,10,542.025908484563
1855.7351007517427,627.9373319376353,10,544.4650636158697
1848.7894897516817,638.117470777096,10,545.8239784418313
1851.5400400217623,641.2660655523986,10,548.1971198925078
1838.5011653956026,659.4716457440995,10,549.7887823850823
1849.0452518519014,619.3371941701563,10,553.8458172468361
1835.8988952692598,644.2088049171956,10,556.4235872688707
1855.9806156214327,648.6898104184713,10,559.6616371107407
1845.928120618686,650.5330821532007,10,562.1825135135659
1829.2903928812593,631.1967131967097,10,565.4299889753761
1850.7697782572359,642.3294069143446,10,568.0039398427185
1844.9217257555574,646.1712761209953,10,570.4288573589824
1847.8972549494356,645.2463225434387,10,573.0129956284832
1844.926624065265,658.6720462677864,10,574.4572616044704
1829.7609164770693,652.8138063197899,10,576.4779626537227
1829.1066162046045,636.1507534137585,10,577.3476399379535
1832.6184484418482,653.3611491440165,10,578.5149298373007
1822.9720155652612,660.3531149630093,10,581.04872319016
1811.3306791242212,655.9504645889253,10,582.4146843005714
1782.7833501752466,645.4607292885344,10,582.857743615953
1775.6794611867517,663.3632787635906,10,584.5943316775592
1777.9813992436975,674.9203614859935,10,585.8323734165914
1769.0495726522058,674.7360904425925,10,587.1794159292089
1753.8881956990808,665.8189294373908,10,588.313487314002
1729.3682887014002,670.9296072829666,10,589.5814571462269
1728.7679020818323,667.0936000575979,10,591.4012615521035
1738.2791010793298,646.7048343340691,10,592.7879353026277
1741.3476056512445,627.1574238519755,10,594.5183000900572
1716.2162999566644,602.6981882549208,10,595.5113028393426
1711.3038234170526,629.6672265536814,10,596.2507393643798
1714.0186297353357,654.9591182257375,10,596.9898663291056
1722.1188351567835,657.3502343012794,10,598.6883675726444
1737.2567107137293,680.3988704498468,10,600.4909442134981
1741.9139792378992,672.9072943367585,10,601.2664271815569
1733.0533415731043,683.155836721186,10,601.6626071832096
1693.6848380025476,651.7903695938205,10,603.9714184826184
1695.1037256177515,657.476912714349,10,604.5788572583461
1715.605852311477,661.3870492216811,10,606.2286827391654
1711.0883876737207,647.4670879666057,10,608.8642614535397
1704.6213199552149,649.2586246839751,10,609.9003629760764
1695.0773736890405,647.6781991072515,10,610.7718958063881
1702.6202117856592,687.7417949502188,10,612.5651371648871
1687.3372566159815,671.747153169593,10,614.0970442460361
1688.0515737589449,672.2821855280522,10,616.9658919207803
1711.0057516153902,655.1899935382571,10,618.6111256623336
1690.8531675394624,635.4974111678134,10,619.7326070841292
1697.1767263468355,648.8083319428024,10,623.1196556861287
1711.3057689722627,645.3799238282031,10,626.2718784952986
1715.149673467502,654.1313259357721,10,628.399582703012
1717.022997861728,661.4477537645348,10,629.9441276344761
1713.9210560377687,627.9895428066468,10,631.7636562397051
1715.7386293467134,643.9670393491534,10,633.6644790421431
1706.8681421335787,645.5972712761832,10,635.5591174410439
1674.7179231699556,636.7653687102302,10,636.9197628592046
1705.150662427768,627.0025123850844,10,639.5774640348869
1712.1087322290987,665.2997507446125,10,641.8902672840924
1693.5187873896211,661.1888526090604,10,643.4816142601525
1683.9940099772066,642.5566475489452,10,645.3578789336058
1690.8649501856416,643.2304859558323,10,647.1272601585431
1657.9279041346163,642.2199968498248,10,649.3671966142855
1651.2915587481111,624.5363413031109,10,651.6903411427721
1661.5225949343294,614.7343084020581,10,654.0486946646041
1671.507626062259,634.270402657871,10,654.8656090887692
1655.1895260866731,644.4680323464727,10,656.4839624587585
1654.757506256923,614.6037718094424,10,658.4950991944403
1619.4593571480364,626.5363901028963,10,660.140969098621
1609.5381554421037,623.045996086659,10,662.1000677161177
1629.6402653511614,633.6415318247693,10,665.0163170254197
1597.4163235481828,595.8628290516888,10,667.6784283821274
1570.744479065761,565.8228365009529,10,669.9690534372126
1583.5702847298235,583.2090286301298,10,670.9506288346206
1574.5191420372576,582.7470855280097,10,671.7772076920994
1583.314110642299,622.551728217885,10,672.9364159646924
1578.2339638527483,625.6725233980214,10,674.9394802598764
1580.8431512173265,630.9387214555464,10,677.6230465547994
1596.8514634426683,596.1427823031323,10,679.357106256112
1578.8460999783128,574.3905673886493,10,680.7729321116894
1574.9482749756426,575.1808101907325,10,682.5316470041965
1597.100424176082,594.2147011114572,10,684.2629336136749
1590.266249543056,572.2443501011612,10,685.4809107197162
1532.2438305672258,557.5608980509176,10,686.0858481148813
1534.5686546619982,565.9157394383685,10,687.5446319079724
1552.2267071064562,579.3150353757468,10,688.2868592013067
1548.487503176555,593.7202384019575,10,689.0932057733969
1548.6299804951996,572.811923040919,10,690.4411208277492
1546.984268238768,595.5008397998567,10,691.059571794737
1535.1050196196884,578.2591223919587,10,692.169524860045
1574.514206936583,598.348866054903,10,693.1273475622324
1569.8084373977035,595.4069797693717,10,694.1994221733952
1560.9921274688095,609.5496640543569,10,695.1251055443429
1584.010357907042,638.7299040736893,10,696.2308234732071
1529.5529718901962,596.079360718476,10,697.1266748931065
1545.42400460504,605.5344438714426,10,697.84748431044
1535.2401857879013,588.9737922442971,10,700.0597299475435
1513.6346750762314,565.457852244989,10,701.8386878880542
1509.5778289344162,566.2119216273093,10,702.506980540879
1524.5839477088302,575.7625287186777,10,703.8877457282591
1504.5201011206955,560.7833905792552,10,705.497572300073
1519.682534744963,573.3983876577847,10,706.3320942105187
1524.4908853080124,614.788683464403,10,707.3055461763837
1549.998856117949,593.7378336015665,10,709.2326662816954
1542.3374076392502,572.7542975171423,10,710.2658471541571
1541.6088382508606,560.4454771085468,10,712.381733210606
1529.299914529547,541.8253071916652,10,713.3071430822109
1537.872529199347,569.9796645995673,10,714.8273810557134
1538.6597437169403,565.764266720531,10,715.4895033938335
1555.8221601750702,546.6967398633079,10,716.1323390907016
1564.6998352315277,580.7981507283673,10,717.6799140890984
1565.8525971677154,542.4569260643948,10,718.6020637344265
1594.0640420224518,563.7726907888102,10,719.2155332174804
1638.4225053098053,568.1547400412383,10,719.5359045078512
1693.4975289609283,551.2434553410608,10,719.8127776496614
1717.0775841977447,592.3320171995199,10,720.7525820333291
1754.6999329831451,574.1593651111932,10,722.0544329934297
1799.2808617856354,559.1408294858431,10,723.5330783408093
1808.126413276419,523.6519020977973,10,725.3253175773502
1814.481718948111,538.8531372736682,10,728.2900080227279
1841.7168645169586,534.4410819893994,10,730.6759328994316
1832.5310372617096,497.71912971355925,10,732.0709788085339
1876.4800080563873,470.4371610925726,10,734.5939385724799
1879.663474490866,492.9197149820695,10,736.3039711743455
1865.1999077107757,451.9567302165337,10,737.1441405345187
1862.2674884106964,439.9912139501444,10,738.5221544973509
1864.529083898291,445.454605425087,10,740.4344123036914
1867.6818093564361,413.93448195310873,10,742.2264941170326
1865.1706108357757,462.745177896363,10,743.9187847866765
1860.4960498120636,435.6402759402624,10,745.2674703822272
1851.8001279141754,445.12610772276486,10,746.3657168666608
1863.8953856732696,449.9611654130045,10,747.463283561682
1861.989170005545,458.5876165824218,10,748.8096377383504
1851.7491692807525,474.62928331231603,10,749.736718402097
1865.6780671384186,487.54848407332804,10,750.8606333931345
1876.7800416257232,484.9810872512916,10,751.4598182687442
1877.7689319755882,428.29110458473497,10,752.3022698689474
1867.7752681877464,439.26623334893577,10,752.9159466667177
1878.0538860466331,471.4005334848241,10,753.3958281454293
1889.4240156318992,401.5562629015132,10,754.7452122075589
1879.8265110161155,436.7402648785555,10,755.5557742324783
1876.4346386101097,447.5527160022675,10,755.8234386659624
1880.9566956665367,395.11306183554206,10,756.2652393700188
1851.8507386352867,437.7604957460974,10,756.8617137119941
1842.5141612198204,445.7903075257182,10,757.2693486061215
1843.312573602423,407.08215743316686,10,757.5761746090953
1837.1101433541626,385.82105185223287,10,757.9489259320961
1848.0996519830078,360.71400354826727,10,758.8682608823125
1837.9029938485473,398.70256447672784,10,759.6517133662117
1831.8514572884887,417.868622295772,10,760.4776406358382
1813.9512497689575,434.1137448251629,10,760.8104394002986
1826.990208318457,434.88588264073024,10,762.0398089317463
1816.558362653479,454.54657608107067,10,762.1894646841221
1837.9598480965942,418.7105165315682,10,763.0306359071504
1829.338292768225,424.5032096114931,10,763.3437053671126
1824.4857017304748,390.8243961114099,10,764.0660021670838
1832.491534402594,359.6281226605497,10,765.2874789699272
1816.2116367127746,424.64990629821114,10,765.7943877688231
1843.25215642713,387.4673249688029,10,765.9930770389676
1824.268805673346,402.1496579824012,10,766.4230715800084
1790.3135101106018,429.2611923829374,10,766.7326489581352
1657.1356994416565,429.25845680266127,10,767.0650567510822
1565.0318633820862,460.2294130449204,10,767.664777872521
1498.1849700715393,459.32855465117365,10,767.8121486707872
1362.7201720979065,391.8019619253754,10,767.8723836829306
1331.8365012910217,395.35687139055153,10,767.9935966472622
1329.644542625174,405.3769053036145,10,768.2217363711851
1323.8364929463714,408.477660574907,10,768.4235699829579
1332.2796978261322,414.4615883176874,10,768.6501410339572
1328.0013908650726,391.2903910034541,10,768.927136492502
1327.9850161429495,392.3043971184615,10,769.0432714201562
1319.6678688880056,399.79386007707865,10,769.1734668255538
1305.4373600836843,399.822134544501,10,769.29919156174
1316.2489178534597,407.1864879317155,10,769.5348831714053
1323.7301609870046,407.5913639098219,10,769.7189911023156
1328.330609595403,403.4746020799646,10,769.969284648047
1333.9556916113943,401.67628774741183,10,770.2146500284694
1320.9407236929983,393.54762879917195,10,770.5160143269267
1326.9002459403127,403.2112344081578,10,770.8858913505321
1321.6541774626821,402.3044877831437,10,771.2703504866763
1318.6924875136465,411.2104353768212,10,771.6095821608936
1313.6832921858877,405.6905230667408,10,771.9191182755002
1299.1742484923452,397.38972654874254,10,772.2724870530739
1299.3909173812717,391.1405415736149,10,772.4766561061124
1308.6555705871433,397.02900483837357,10,772.7689949421956
1296.2713905181736,394.5358661203643,10,773.0753588574012
1292.8910721149296,383.57219580718555,10,773.3191114558045
1288.7438133563846,402.0299369430048,10,773.5508002046738
1305.870743593201,389.58293724421753,10,773.7344705464623
1294.2663706149906,391.71494172761754,10,774.0212366307792
1290.3295503463596,406.9237997613806,10,774.2302390843712
1287.041379770264,386.6533959063633,10,774.4138843188199
1284.5532790031284,394.6057379534916,10,774.6488067003934
1297.2142124976963,396.8828117567235,10,775.0741860905421
1291.0218435134739,390.59261289529815,10,775.3512505309221
1292.2263809051365,390.7192367140692,10,775.7149529284752
1288.2547849025577,403.4431083948555,10,776.116702593636
1249.7677357997745,385.1333207667386,10,776.3808319880534
1267.9762223567814,390.97833124033554,10,776.5635479717067
1277.4995911922306,383.3802448715844,10,776.8716210387988
1268.1986411418766,391.74572003409685,10,777.1839160293257
1269.0028509702533,375.17779984587304,10,777.4439286164667
1248.3352293577045,381.962939956994,10,777.7173459421374
1266.2378935422748,395.25222908709236,10,777.9396462067209
1243.6335901822895,379.57578563171336,10,778.1544620572982
1270.778445681557,390.58178684368454,10,778.4109437489565
1271.5558430757374,386.852050206394,10,778.7770828255395
1260.0619895067066,385.52271337261215,10,779.0143282895204
1267.7277295198292,393.266272611368,10,779.2729898031587
1241.8070637788624,379.7626069206746,10,779.6136837638911
1244.544611653313,385.8208288383627,10,779.8332603981805
1274.2174117174,387.94334366343907,10,780.1197968910636
1235.7365729417652,383.1010846090721,10,780.2424139072683
1227.9611584749073,368.9332759873903,10,780.4749637525606
1236.7625968065113,381.6035409999549,10,780.7529868890525
1268.7006785478443,381.06343073064664,10,780.8893926731829
1252.9211861696094,376.6456865271742,10,781.2397212061654
1256.930004319176,383.32669235892376,10,781.5691987623318
1233.4897539224476,379.60875382723464,10,781.769660843868
1226.6122543420643,376.62225920853297,10,782.0044403568451
1231.2543122377247,381.90391112254133,10,782.2010928886916
1229.593616804108,383.44981794463934,10,782.3739653521311
1240.3254588451236,385.84510273214545,10,782.6104500869639
1241.4282085504383,371.8910731884483,10,782.8732664833182
1230.2534296121448,379.2923360300699,10,783.0881205608171
1258.033827027306,398.0429394903871,10,783.3452983447726
1215.634931763634,380.7880679367941,10,783.6626777129449
1239.663194855675,381.83837885695243,10,783.8783605563135
1240.84536655806,372.2839850843745,10,784.2078092647995
1237.5807841625065,374.5286101121567,10,784.384821835883
1273.4226954784244,386.18233222459463,10,784.6103919084925
1237.5686686839908,383.15795490661674,10,784.8346893758692
1234.3470669593662,367.9207009907922,10,785.110592623778
1247.5648566093296,382.59476024520524,10,785.2883911681746
1216.9771471824497,374.7256475438558,10,785.4736990904047
1246.442166408524,388.7309759523149,10,785.6569261693605
1232.2337046470493,371.62726086664065,10,785.8799393790391
1219.2086411323398,368.884967925139,10,786.2462825214113
1213.0740648116916,368.8899548900757,10,786.4860532005362
1213.8451315369457,376.89198599866705,10,786.6509019635781
1232.3260446991771,376.5999039596546,10,786.970261469736
1220.2986513581127,369.09540361410666,10,787.2928359981122
1228.4843250717968,361.21762584102197,10,787.5143425101629
1233.2386676277965,371.5682644008839,10,787.7680500553561
1205.522683283314,364.57564619353826,10,787.9921904693759
1225.5577765908092,386.34628821266654,10,788.282170926969
1229.6040889229625,389.4856053295848,10,788.6081657328969
1226.142684360966,377.1230324909146,10,788.9235022976884
1231.8204044308513,384.0715322105136,10,789.2329609502262
1213.9236015286297,377.31379917409083,10,789.4959455625005
1212.7528376784176,389.8393263685765,10,789.7542593070741
1223.0118355955929,392.82839910025297,10,790.1792567727983
1209.5883946623653,384.6330435992009,10,790.3833165450441
1216.9572978224605,373.92376610041555,10,790.8837292238892
1193.4054827895015,383.14675146074103,10,791.2059774973789
1204.8464284148067,377.28448872713915,10,791.4592476621534
1209.0236315932125,393.05057061171084,10,791.7414206697434
1192.8967108931392,386.64622492397154,10,791.9033778075511
1203.4805817808956,386.9939099726341,10,792.1488259008006
1201.5423032250255,392.7880006520195,10,792.5372690308604
1192.1019002404064,385.5389038386493,10,792.7615187565389
1186.9716350045055,395.3227946046462,10,793.0136034049649
1183.5700971093029,384.0690799422589,10,793.2507652431673
1182.949873706326,388.64465350957875,10,793.5668965890574
1158.1246383395046,373.94200184534685,10,793.8629584319254
1160.1148851122707,387.97905761778054,10,794.195362008518
1122.5882508959621,380.4606256182248,10,794.3876129323731
1156.1760003771633,375.1634708040266,10,794.6886963187042
1172.5253923144192,382.15396442589434,10,795.0376832494682
1129.6507508959621,370.8137552831615,10,795.1883488036106
1115.945561191067,391.6163791556065,10,795.5586908109178
1123.7996571268886,378.46861773540525,10,795.8487624489278
1114.9099018778652,379.1507461715852,10,796.1245171255639
1121.683552524075,395.76418121054223,10,796.377616072308
1091.0671260561794,372.56984912369234,10,796.5866499664668
1116.3915641512722,381.307901467551,10,796.9504557859516
1092.0066974367946,369.9038645491419,10,797.1721400811439
1087.977525016293,372.51727602281255,10,797.3395260418836
1058.9410870280117,377.2508571615603,10,797.5138222757406
1086.6809647288173,364.84093967965566,10,797.7576131569083
1098.0150702204555,372.7035328539059,10,798.0657653551607
1080.8969290461391,380.82253481988835,10,798.2748553868189
1066.526926299557,382.24132358023286,10,798.5092461831617
1040.269113799557,395.61948573687965,10,798.6576173807324
1051.849595328793,362.9832855229664,10,799.141947129848
1092.4543545451015,387.07220817818705,10,799.5788708013403
1074.749923011288,375.61761259582494,10,799.7809734956055
1067.7406180109829,374.15003883148876,10,800.0534284774334
1054.428893348202,381.29398469778795,10,800.2703308656236
1058.6838095393032,382.5159477247289,10,800.6053493040818
1062.8475325312465,390.98009713511067,10,800.8665970684012
1059.7528772559017,362.88068403051716,10,801.219113615723
1043.3684034552425,374.09666223873444,10,801.5607301210414
1029.9260893072933,377.97310922036,10,801.7422977514182
1036.8173051085323,385.76419300555096,10,801.9811588904479
1029.9790468420833,367.72301808513595,10,802.2552659334264
1035.6219415869564,370.90952285023275,10,802.488582029606
1033.1737961973995,374.7734906317085,10,802.7238017362773
1076.0873742308468,383.828707981772,10,802.9934424908622
1078.3370027747005,386.0544834049796,10,803.2532683114698
1062.587106725201,361.4906071692133,10,803.5419971929144
1074.0740299429744,377.6173455710597,10,803.773459964417
1065.1081199850887,367.6182961155577,10,803.9986802285704
1050.2515840735286,353.2766870024558,10,804.2152770558484
1056.6468353476375,369.939510625804,10,804.4551968257535
1065.3894396033138,375.25989748890515,10,804.7069487724639
1060.1160564627498,349.0918325089952,10,804.8872292754967
1065.4782233443111,369.5920753394569,10,805.1545162891338
1059.5228953566402,366.39170737066183,10,805.4166161145108
1029.8775878157467,348.427356959219,10,805.6146650819277
1052.3719306197017,355.90655011156184,10,805.8944675208334
1054.941821595654,374.3909034009097,10,806.0844370895986
1065.8762726988643,367.32719261872506,10,806.3594960212164
1040.8626828398556,360.79874317118754,10,806.5867135198071
1049.181426545605,363.32485426212656,10,806.8431804553607
1026.2777552809566,357.5659803635916,10,807.0366589576918
1000.4470095839351,377.8072226272672,10,807.1470661234558
1016.2132907118648,352.87427601072227,10,807.3596543028348
1021.1648225989193,360.95328509057555,10,807.632145710389
1022.3799634184688,375.09307491983833,10,807.8000185970294
1025.6118746008724,355.04888818878754,10,808.1039949338868
998.3085394110531,366.8240093092094,10,808.2554414595227
1014.4644460882992,366.47626826722006,10,808.4877294116501
1028.0695581641048,368.5176603780749,10,808.729632670867
1044.2385244574398,375.86877859830366,10,808.9748001381853
1012.2944898810238,347.6723650340787,10,809.1177760398285
1008.9135978426784,373.01180702124634,10,809.3512379517238
991.7733218874782,366.31685083677917,10,809.6131233583778
998.4582603182644,367.22820463982833,10,809.8470563772795
1004.9142964091152,374.0908196082782,10,810.1609194579579
994.0464747156948,346.02161959463757,10,810.4082519803563
1002.8333533015102,364.66586764267845,10,810.5779239140597
1013.4081270899624,385.15442000263994,10,810.8220373032676
971.4196856226772,350.9668254261901,10,810.9580449376126
973.593668481335,364.97650334526037,10,811.169609891098
1021.8624444212765,360.1855649964173,10,811.4549148572167
1007.0653319563717,362.1111014239369,10,811.6773869812731
973.0312171187252,363.341740280462,10,811.8187129421578
978.8698988165706,376.005389351905,10,812.0283868451702
1003.2825708594173,354.7636428686895,10,812.251679311113
1005.5599746908993,366.30597639882023,10,812.4199629191864
1018.6516247000545,380.37520558424524,10,812.8465909130825
984.7034588064998,357.09774468184924,10,813.0076757427769
980.382688542828,372.9402228399419,10,813.1700933889939
967.2141094412655,347.29509733037656,10,813.346437547773
955.604702970013,356.2962040347328,10,813.5501529415508
961.1007971968502,375.83269763830083,10,813.7261243220612
956.6769390311092,345.4862185106955,10,814.0000838590101
947.3745813574642,367.84662397413354,10,814.2141598645071
932.3261623587459,378.61749986939066,10,814.3559884725524
942.3687963690609,353.8593525646757,10,814.5753966378905
956.1336593832821,373.00064847573464,10,814.7720223450696
933.8668384756893,356.6884011481412,10,814.9576513386353
936.3405969347805,378.5061850618506,10,815.1926432035993
941.5987842287868,349.41073886544996,10,815.4810812201799
938.5383470263332,384.57958363633816,10,815.6553850866067
925.0012729372829,368.5054810734854,10,815.873067293611
923.9958024229854,373.4616327409079,10,816.0922365463515
929.438183804974,364.0506026105984,10,816.3014275442752
925.7239315714687,374.7372568576001,10,816.5189794170931
942.5445187296718,362.52864088851743,10,816.7051532345308
954.806961318478,388.9484365532522,10,816.9808725740066
929.6323473658413,357.64243231155734,10,817.2043465114979
937.7861511912197,380.21758911541684,10,817.3715797482613
897.2690270151943,361.9329451940573,10,817.4939262152479
905.8774645533413,395.9457218218704,10,817.7845655865749
921.2012236323208,360.4133485390956,10,818.2411120788823
926.6341479029506,388.348689170073,10,818.4281777041346
908.5864775385708,371.5745939655306,10,818.6083070475455
928.1569426264614,387.6484652288973,10,818.8775147466422
909.9203398432583,390.65294934249096,10,819.123227629837
904.113966723904,376.2879243505173,10,819.3565964004054
899.5662291254848,390.7412315478814,10,819.5436156574106
858.2917425837368,377.40942229421984,10,819.76558186676
900.977781554684,390.4128140780474,10,820.0756317951987
896.0073359217495,371.8590686439274,10,820.3601780223254
895.3225798811764,373.885612836745,10,820.5007575253316
899.9416966643184,381.6551115307052,10,820.7378440836392
897.8244734015316,382.5747375779809,10,820.8914644656655
878.3206052985042,386.1521314800498,10,821.091495005644
846.8004579748958,366.24478848220303,10,821.2603527542672
890.6753816809505,390.6838534806332,10,821.6832100010591
879.7548837866634,369.8042870082576,10,821.9407216994725
885.1063232626766,383.7316553927709,10,822.0871388763687
897.9413347449154,385.60442176224825,10,822.299835440774
877.8591146674007,397.8243286134082,10,822.4298860115254
861.0735025610775,369.1269901649491,10,822.6552399409143
854.8736143317074,403.4189694725519,10,822.8047484277595
874.5223932471126,400.66496312277377,10,823.1691082113612
853.2643995489925,368.23115847273334,10,823.3559924137858
878.7373666968197,388.5770492800853,10,823.5412974384861
871.2444462981075,373.1028161487473,10,823.695959532461
858.2945151533931,387.27490741502737,10,823.8583287424545
872.0762458052486,388.5134603569861,10,824.1142698670515
870.6699689831585,386.3932073102296,10,824.2470779968498
833.3540471997112,390.46364617463547,10,824.3227358362755
819.9357589688152,393.7271120689075,10,824.4832291842976
841.4279025997967,394.1787394192258,10,824.6773427240174
843.578286787495,401.42716273306456,10,824.8866184947163
848.3927279915661,383.9219572063363,10,825.1978184275674
860.6210090126842,396.3798771358131,10,825.4006175609234
847.4130374398082,385.307054595094,10,825.5677508320589
852.0844999756664,390.92089511368647,10,825.7555999996468
842.1404968705028,390.7675481996,10,825.8880818340062
853.3035837616771,372.2148267622905,10,826.1179067276682
849.4783958401531,402.9409964842648,10,826.3347071457802
821.380350491032,383.436089073649,10,826.4697050724806
831.5248321499676,404.5029797000171,10,826.7535492469905
822.0847066845745,376.4995639666019,10,826.9545373605494
833.6729043927044,389.39986214792896,10,827.2050789220896
803.1877397503704,393.70000547790323,10,827.3379208098095
800.4877108540386,386.78437917851556,10,827.5078727494051
851.6092089619488,398.0690876038875,10,827.7431033443399
822.7616557087749,370.75133385090425,10,827.9157125959119
797.9593810047954,383.9867545998551,10,828.0507327618286
822.770288368687,408.1066287228744,10,828.2185925480165
826.8833450283855,391.0391185702518,10,828.4591884147852
809.7002929653972,392.93615645949194,10,828.5646442391644
785.5500816311687,375.88738502936656,10,828.707120418507
796.5081829037517,392.10301750112643,10,828.8261179261591
818.7521423306316,389.5111832562752,10,828.9332278259262
782.1242660488933,386.2513850058232,10,829.0321156705193
806.8215068783611,397.551542982398,10,829.2244518474965
813.200063129887,387.3985892313691,10,829.3479843953307
758.6058858837932,390.6540544096858,10,829.4940688854991
792.8700651135296,394.7629457201412,10,829.6691724263925
782.7440370526165,380.5302663894806,10,829.8307209680848
787.5143360104412,389.0770475037861,10,830.0563840507531
777.8494104351848,384.85737021931226,10,830.1671386898912
782.2673143353313,398.09472085602187,10,830.3528492511888
780.8919875826687,383.9247742919656,10,830.508849175566
786.0664775576442,385.5986917282027,10,830.6108534182346
791.3407213892788,389.17738049869564,10,830.7445983137721
759.4697344508022,386.055668256087,10,830.8010959572536
781.5475180353969,395.7724896746686,10,831.059994242527
761.3428042139858,376.55018639139126,10,831.2318194370113
768.1621034350246,390.00857911227223,10,831.3640776506448
783.7692630495876,395.53263145158354,10,831.4732348204719
805.221237918362,381.86728039647494,10,831.6588620863288
809.632183810696,387.82081417176306,10,831.7043721266949
799.8085267748684,384.6397206828168,10,831.7545984074134
767.0416581835598,390.7988159199402,10,831.8716915940553
760.5645468439907,385.7143933508331,10,831.9998711057435
768.4138224329799,389.2321500267527,10,832.1654585801678
770.7081997599453,373.6467840211391,10,832.3044332366586
791.4009278025478,382.8873751352927,10,832.4424755566913
743.5762474741787,374.154538269129,10,832.504531430132
788.2487290110439,386.4996840778889,10,832.6982005364891
757.9696400370449,386.38793114814325,10,832.8461840551463
706.1577275004238,374.95827745715485,10,832.9511140720108
759.5033505167812,371.1572484704274,10,833.2325558001959
746.802060386166,370.02578757132267,10,833.3054649050002
747.1417941655964,387.3529991456004,10,833.5149448020991
737.3308305349201,370.8478116106899,10,833.7282121753868
718.506014784798,370.6431200509136,10,833.8023402383199
712.2333292569965,380.51584903775256,10,833.9424928450862
728.1133284177631,393.54264558609606,10,834.1119718004012
709.7599844541401,374.7388481450924,10,834.1988032851917
722.5221466626972,395.1093315922007,10,834.366211177352
719.3872983064502,382.88594882270735,10,834.530458329498
732.2469832506031,368.4438189833767,10,834.6624387265431
683.9409720506519,375.66245383807194,10,834.785033061342
678.384419163689,368.2406320603371,10,835.0493156548977
682.3969890680164,374.1121365752491,10,835.2736156231815
679.555189570412,372.083255734744,10,835.4983225232316
689.560394724831,375.0383706252748,10,835.7054952957284
677.8709997739643,385.7029644979316,10,835.9307261142576
663.2367958631366,377.8579454832038,10,836.1396554782468
720.8269943799824,359.9476764255468,10,836.3566855979554
665.1033348646015,372.6448286270277,10,836.5180147399154
683.0237507428974,364.15154051864573,10,836.6955794973288
674.2429890241474,378.31091543688467,10,836.767002619225
665.3379063215107,363.9543848430414,10,836.995416056057
694.5604691114277,369.78596601462067,10,837.2235386555254
643.5108437146991,370.53253571238054,10,837.3038253874395
697.2248978223652,363.26757954494354,10,837.5622895869375
699.596443137154,357.7988941670208,10,837.7042730747165
682.9147853460163,352.59823184652373,10,837.8106491378298
690.6439447011799,366.0882668901345,10,838.0326626382548
690.5421436782926,354.523527384393,10,838.1205728936343
661.9432095047086,323.55511096128606,10,838.1838095484419
671.3527811523527,337.86390343178255,10,838.3108439769558
652.8620260711759,352.6462586226592,10,838.4448240096311
665.4714897628874,340.3476735844494,10,838.6450004489658
634.6724270340055,353.62265914984033,10,838.798938238472
669.7982510086149,322.7039431938824,10,838.9743599575168
629.8931568618864,335.4901137217672,10,839.1108468741593
691.3196667190641,328.02527428345246,10,839.3034318253127
665.349816178903,333.58499284135877,10,839.4128822674835
629.9780548568815,338.86835766202563,10,839.4865001069237
639.1695564743131,336.21949914838495,10,839.6734206826364
644.1939815040678,317.74386663776784,10,839.8340896955699
615.0915149208158,311.3037838366181,10,839.9265021927058
652.1576961036772,312.9931435224848,10,840.0586654370155
629.2077201362699,314.9753661872413,10,840.1335868296094
616.543317174539,315.65538393074945,10,840.2308255411252
666.6085370536894,311.6511483986737,10,840.4569613239047
660.1707623954862,319.9024435640768,10,840.5850167450516
642.3798421379179,315.46268361214686,10,840.7467469989481
666.4382642265409,331.8550048546718,10,840.9074322726873
646.4776051994413,299.0835004644404,10,841.0246750619391
649.8836956974119,309.67326642139915,10,841.1194656577873
635.4439097400755,306.3423331511431,10,841.2214891349448
631.6290772911161,309.3771460792934,10,841.3061139004399
631.0425064321607,322.20629246596803,10,841.537151037369
614.9430114980787,299.07992120085413,10,841.7710070014347
604.0702001806349,301.186888933058,10,841.9683669509978
588.2930872198194,285.14917791978894,10,842.0984059056366
630.9789545293897,314.57619444428224,10,842.2769465566012
653.5029146429151,307.6287603396944,10,842.4836996458428
630.6017286535352,309.7298391239709,10,842.6759278919565
611.0494329687208,293.53795964391065,10,842.8345205312762
598.4214002843946,310.6920076321797,10,842.9489251650897
613.670289253816,304.076034632363,10,843.1964389442641
631.6405422445387,305.3094792096453,10,843.4774178507652
648.8670189138502,324.0680035081698,10,843.655822897515
628.7733661886305,299.49391053093063,10,843.8101428851965
657.3248760458082,318.0224224492416,10,844.0448098749905
648.8771583791822,308.86188427799726,10,844.1734461845202
628.6470138784498,292.88079301993935,10,844.3829507831556
611.7258865591139,303.3129345774069,10,844.4898018540115
631.4024593587965,293.30446416639643,10,844.7551443178781
616.9910499807447,286.48475569743124,10,844.9048485406596
639.0022308584303,287.4397038116061,10,844.9907199056937
609.835557198152,275.140398102269,10,845.0768458202175
578.4153167959303,281.9092403563006,10,845.1887889977012
606.1066391225904,277.88087290177685,10,845.4042482147626
599.979531025514,287.74413589938825,10,845.5083801785241
604.6029522176832,281.6328539625311,10,845.7955984025192
604.8758970256895,298.27628416834136,10,845.9870933986135
613.3489566799253,285.979986878757,10,846.2417973527822
623.0782028194517,276.0206970841555,10,846.3925603984062
617.202727412805,268.5974413804788,10,846.5895433023416
657.4727850910276,280.25801292889633,10,846.8309517039196
618.1941176410764,249.0829255305457,10,846.9214829459333
601.6374941822141,261.8298332451057,10,847.0383852902509
589.193992709741,270.55586158445965,10,847.2033825971387
591.2926200386137,248.75177567703952,10,847.3822788992836
611.0237887855619,265.52559608908297,10,847.7885832351088
635.023352002725,219.11845575150357,10,847.9678236270645
606.6821807380766,213.878557439039,10,848.0413960012002
606.4891509022564,214.53645789836128,10,848.1177169936045
615.0549706425518,245.06567187656304,10,848.2613535513611
667.0100029911846,215.33116388114547,10,848.4622878771572
638.908360382542,235.89492146524498,10,848.5935426979719
639.2202767338604,222.32092799417018,10,848.7067796553803
635.3045357670635,220.32810848810885,10,848.7955490080791
672.7578362431377,240.3004736198912,10,848.9657136114578
673.2763053383678,235.56541119540913,10,849.2915351385835
663.9021998848766,210.46883559138809,10,849.4244637208932
651.6881333794445,254.3506638455225,10,849.7054925763939
652.8898636307567,228.94921086736503,10,849.8739380834901
664.4722277130932,209.43310539400136,10,849.9968320136159
664.694915836677,212.99578895729405,10,850.1757098821477
692.3481655772775,271.0946495377652,10,850.5677027714984
666.1077194865793,250.2587445457997,10,850.7937730093356
689.789543217048,274.59900948727574,10,851.0627670521648
684.4904294665903,251.69059809179362,10,851.3564384454239
663.3725743945688,228.2158691376561,10,851.7138667821657
657.8162842448801,206.93862485278765,10,851.825633031346
623.5165024455637,233.82395203703612,10,852.0500271857983
701.9912720378488,304.4484881006217,10,852.5629179492521
726.332122867927,320.33971529578287,10,853.1146577422794
