883.01,289.01,48.98,133.98
879.6219716348551,293.927254059432,47.954636518497864,134.1957323977986
881.8249720709342,296.048278869309,47.540236159797885,132.8176454283437
882.6270001580026,299.93449613044197,47.575492729801624,131.39811379532938
884.6990062931852,302.7491040736264,47.08768563674359,130.57227744463563
885.2632189889914,305.29428409172596,47.59035398559453,130.0167227062881
886.2034412516737,310.7397303816007,47.913718721552016,129.14655633045703
888.0138626839965,314.798534502484,47.522052855044734,128.3435352049318
889.6483137893116,316.80960318696947,47.358950319402396,129.27526717876492
890.9495419484248,320.59686085711263,47.09727688195907,129.15794235208944
892.8532973506364,324.32418816308694,46.801482681768775,128.70595802822677
893.3375821211641,328.01848616959296,46.66484300321247,128.01449746367052
895.0342535259944,330.3980438221776,46.45774205871002,127.8997736952139
896.5611034579448,334.75051906087543,46.02942628713997,128.38691706700038
897.3823731776085,339.09937478765664,45.55067099412147,128.21730658084513
898.7583916582253,341.2688846719331,45.860723714513355,127.54965708016029
900.2227350372953,344.37793967344487,45.97703441006307,127.36344128413745
901.917369959734,346.73454911862495,46.18542558355725,126.548628899362
901.9393510997631,348.6087771592925,46.211116158894974,125.41544557841812
904.1648822270715,351.8026194009874,45.83398559830894,124.9040638141446
905.3682714664218,352.730794786449,45.83081186547332,125.01192248059164
906.7103647840133,353.4358298067223,45.85731000659642,124.7983899347045
907.0609770399385,355.0934675360833,45.48823184131513,124.80152463413985
909.4691889498298,355.7074800461509,45.210506217943745,126.22590726018382
910.5147845637662,357.59671799493776,44.75839599135266,125.84953955505392
911.7792241795404,358.65498810250745,44.443657890251565,125.06338526330023
911.9428744615493,357.90006718629473,44.42604118558209,124.58680300724757
914.6554077773555,358.33218621142635,44.544855016616054,123.9533937637423
915.7117697508608,356.6358508164825,44.422462838595344,123.07297037638389
916.8033834060855,355.74647503569463,44.202532537613884,122.47067230493354
918.5018303787224,355.04985821257264,43.99573616275941,122.06318871656592
919.203609358035,351.924614514414,43.74279127366836,121.93433498739503
919.418046495262,350.38716398620954,43.57765044581241,121.22651881586802
921.9506975523573,348.47526436221983,43.20145384233368,122.38189011966416
922.1565189179295,343.61153949536805,43.47134397099138,121.28651060684675
924.9811578142641,342.8318684383032,43.397672047615494,119.922900545836
925.2355473209484,342.1562871798446,43.13835437217078,119.21860141762693
927.5364085485736,339.97219201001235,43.17977032558129,118.61815381402354
928.0044638224916,338.1686362788464,43.273577971562325,117.30068231813405
929.400186202374,336.9438888321932,43.35596662969003,115.89113671270697
930.6611355151607,336.64720788076784,43.53408474110106,114.86910128145877
932.2509581142513,336.1883336873498,43.3559778195922,114.22312026289174
933.2637121570041,336.1599633481197,43.446215516938736,112.99211379665292
934.8447310623656,335.671587632493,43.2478102898339,112.51527078172397
937.4123971891613,335.1475706288167,43.20532633717619,111.87739206076697
936.8174435477807,335.5780130505768,43.50760411096526,111.11061718459769
939.3607581415325,336.9676919596933,43.60713691839585,111.16531812796138
940.6893844566988,336.3536395274483,44.223583094826004,110.76702740929863
941.794714313998,339.05296230876354,44.260101934762346,110.7389525063056
943.997477436814,339.88614824286674,44.14219957142402,110.15658217923693
945.3013025193587,341.76974928249683,43.937656095787915,109.63330185672112
946.9075778057871,343.8623226137122,43.446544884503304,109.7193057832796
948.6891864251398,345.6152333401017,43.35048500968943,109.37242488416578
950.8404803058588,348.0613526679194,42.92699661730059,108.94993234135396
952.0836545977802,348.6041944014758,42.7412604831037,108.13739788776039
953.8045978249087,351.35816165115847,42.32324354331225,107.78467722125029
955.2769683686241,354.5684111855848,42.13195189588378,107.8481197074208
958.2843944370182,355.64538080740226,41.67594670962649,107.03142187499503
958.0652912879427,356.7595664944471,41.91660312822665,106.85080502704362
960.7224237350707,357.4861659474567,41.46501676180266,106.79660509677824
962.4949909779801,357.7587009329849,41.390713670179345,106.00128711079492
963.6266378170387,360.6334182564542,41.47221188125297,105.80969519533215
966.4068346424759,358.7261270494119,41.0779611708996,104.8439030824392
968.1597905701998,360.8410572428181,41.45018714237153,104.62402194367361
970.2186762295145,360.69542326270107,41.64899421195628,103.89267673614498
970.4709810955836,359.0370856248944,41.627620822486534,103.05093764789717
972.7394350434395,359.683862833081,41.99012031355454,102.74189651429992
975.464019067305,357.89824250554324,42.396540225112986,102.05149852801794
975.1308191129231,358.1484280454062,43.09758912227282,102.18432714006451
977.2148109554845,355.65298909387155,43.245047522416094,101.77435379343899
979.3895304656215,353.15893772507206,43.388258534185574,101.42368566464387
981.9714306208564,350.8740885556648,43.61622763289541,101.5943099258523
983.5632728815082,350.2901789457043,44.07896835878437,100.47431786647633
984.9423206875214,349.1505145515259,44.2557401288075,99.96074943040698
987.2377588412278,347.04259222429744,44.73233389509453,99.8599289122869
989.2827939833115,346.033703406771,45.268580158321,99.72611095484109
992.1790252225869,344.4720204542591,45.8905134889437,99.29890255719141
993.3997921369871,341.52636100045834,46.531639619936314,98.57572571055113
994.5149779758864,339.2914217397438,47.34737714166173,97.4308652907875
997.124363094302,336.20460793472415,47.90789710411032,96.57896303937659
998.4188851752127,335.0922958958107,48.478832285703135,96.08583966732866
1001.7862728471415,332.17642340788586,48.68709206757801,95.61339353065995
1001.1644689748939,331.9016133907696,48.501374589104316,94.46734021837304
1005.5514872997784,330.40850670766883,48.656828028751804,93.90041604375736
1007.4515815367549,327.38574025770714,49.2442867067457,93.1350101085367
1007.9083435883024,326.27744624390937,49.352496722112335,92.98466097564025
1010.6727373948395,325.5499254841319,48.735677817076485,92.74798308239151
1012.503484730769,325.130170453697,48.33587566917399,91.9104230024227
1014.9759624607478,324.52081734553747,48.03375773363018,91.68250994650975
1018.909302697199,323.65716178104503,47.92495556425575,91.53824321656975
1019.9681886178374,323.3013847832601,47.5780591769278,91.13396845962193
1023.2121525727805,323.73781722352817,47.253948195905124,90.99347806839316
1024.8257167202205,323.365275540823,46.89705534414021,90.46359054471202
1027.500934505749,326.0539145217624,47.12439429777196,90.499018004281
1028.7382029541163,328.63832174236427,47.17128336348537,90.72612860809073
1032.4951622388205,330.27774918247366,47.00687117225115,90.81305884978966
1033.7847049995205,334.0466476803834,46.71026112234776,91.19383475664958
1036.2722407051149,336.78260934405716,46.58338383347328,91.2396960247915
1037.8471665169454,342.05901617428555,46.89549467128359,90.41683708387828
1041.444944746385,346.2364347121476,46.9120616064171,90.34013816885965
1042.8334882976578,351.60316855004146,47.23384978806655,89.47976505178778
1044.948325033069,355.98063314712545,47.357933698683084,89.60076855110131
1046.9204433635236,360.19941583522603,47.56666496761427,88.99653046829613
1047.2219202642746,365.03132373161975,48.09894802543401,88.47909223898529
1048.557711087171,371.0823700880395,48.46524370088439,88.04576459419997
1049.153223688221,375.28771302431653,48.90333050401789,87.47470312655307
1048.793656877639,382.83355593945146,49.45203033569031,86.81716608473535
1049.1979969779845,388.03075749961465,49.78806007972415,85.53137597863022
1050.3879345521405,392.4324511880213,50.10049454940889,84.79407441724663
1049.300501832323,397.67776739218175,49.91679227435242,84.52618408961419
1049.5600209894972,400.2961996395358,50.09399259697456,83.83073576311892
1048.6831727420365,405.18815183685825,50.21248835298906,83.30625653174312
1047.824176566597,410.6086445484817,50.5176822991744,82.62212287698975
1047.3146492306435,412.68865234292394,50.45013440245515,82.12864051984059
1045.654411367931,415.2342686122512,50.17831758065416,81.6056333649447
1045.6984225521044,416.8310793243195,50.04975168589648,81.92091353687732
1045.3023173465735,418.8280058991796,50.16366386201865,81.55992462398886
1043.2484953273045,420.0095846111875,50.480887368329846,81.62095629070174
1043.4553030477991,420.24218390212286,50.57687948082265,82.24367217568903
1041.766043716039,419.7599953793823,50.9538434167888,82.50088231099856
1041.5811602514966,421.7160390326381,51.23169390395608,82.0384474378824
1039.0839857896374,421.4681405731108,51.2756334152907,82.06228059369994
1039.2002013733922,422.0628586638766,51.67579599873463,81.74288083537466
1037.3967611466346,422.24152410069047,51.868616336435636,82.41886299771193
1038.3950309412714,420.7454821017019,52.170185801727065,82.60707894034549
1037.7819671171385,420.47772761419355,52.67507853235244,82.4276381286991
1036.189859430337,418.7280006369339,53.019564358454986,82.11785150361325
1034.6443893489734,417.9398791650559,53.32803834801014,81.75473251747582
1033.2111132206421,416.72500833815263,53.679181611905406,80.89859646666194
1033.582323153756,415.4811000955696,53.73669732497733,80.6485131715546
1032.2662544379068,413.7475352321373,54.08545544034604,80.4278064898041
1032.6885516453424,410.49894765777054,54.38767227234681,80.0590334383118
1032.065112904335,410.0827998941406,54.15966739008856,79.61762789383246
1031.0425807399845,409.1394581388161,54.15220619846461,79.14969309355308
1030.0298660371866,408.6232931192284,54.43352645031273,78.73919614641568
1029.8684753088824,407.8215933924123,54.6454662750322,78.31948830977987
1030.2929848395038,405.8729548161214,54.75993817677113,77.38700204988609
1029.7283290405085,404.27669845369525,54.61910543138595,77.51269391482936
1029.5853070310357,402.1553548695823,54.30888842585642,77.93109819845749
1030.3388471819337,398.82164131165746,53.720808749670425,78.643946914649
1028.853578469597,398.02279270645994,53.17532730685109,79.1524226475354
1029.2315765906824,397.2422644861371,52.58410963998166,80.00394921147215
1029.2421140710283,396.2421255730772,52.374574806090365,80.59453546540261
1030.7287061749132,394.070488804461,52.47574453165497,80.39620496058181
1030.5401455118094,395.0355270130417,52.05386630990435,79.76334638933716
1030.5536365702965,393.65202182578605,52.48733585547053,79.51994907761494
1030.8964618085406,392.26869127685194,52.489877388907956,79.3852921022104
1031.0650427784979,390.59472740098397,52.80415004934677,79.17098735959206
1033.7107820191916,389.35329127688397,52.06319294170813,79.04881571970003
1031.4903578826431,387.67112520808405,52.124796887260004,78.79749672662362
1033.9467752454225,387.29625787917763,52.17352002684382,78.43048960797007
1034.084680795944,386.71285039773153,51.85916579459838,77.8258669259038
1036.1310906022588,386.66711683152516,52.25016900453957,76.7960346722921
1037.1384004351162,385.4657617797841,52.18382085180997,76.47267651748875
1039.124901459007,383.6690505828436,52.53656486344617,76.20170162400092
1039.3053516648552,384.5098045823871,52.54301282468631,75.31486676973117
1040.3110078630573,383.16566428935175,53.33124118641471,75.34867023635616
1042.427929996212,382.8961205389454,53.459210942169754,74.81444724274589
1042.1824755704106,382.2115437487782,53.45402085816856,75.1660641829131
1041.6033146837356,380.87024134201295,54.126146620213646,74.6829764286183
1041.7570550564342,378.66046471690305,55.045213473655096,74.68677965213519
1041.093119329638,379.0866656087446,55.17635514800416,73.97571356443409
1040.860934146793,377.3537398858544,55.362920751569035,74.37605831351347
1043.2606024908318,376.6713747255122,55.069106314620335,74.16796081818833
1042.3326788009038,375.95210685159395,54.37970995439474,74.26835846253974
1043.268973121411,376.1625778755601,54.24508522825171,74.4640371340403
1040.9774603932926,375.387502552015,54.97386311445051,73.91585084608708
1040.8504692853307,374.28855938673263,55.98205252422582,73.42070848822108
1043.568186522003,374.8804926090866,55.55050999576625,72.75722736846807
1042.2662955980495,375.30319830716815,54.97944948603785,71.91505721305049
1042.138566732553,375.9037124917318,55.03848604083599,71.48159618048238
1041.420837619474,376.0684975260192,54.696282466609446,70.55590205890616
1042.1331912870114,377.3204152324733,54.939057030795865,69.88129039801981
1042.0275823330662,378.2821482558364,54.683138943060115,69.12363088319982
1042.538270793978,380.2033496487691,54.73948194807044,68.37808802928006
1041.5247907375256,380.58700424704756,54.17541503956749,67.68900316386372
1041.6975376961732,380.71790346593195,54.03426992483848,67.18143039738631
1041.4219268308532,383.2165973890143,54.288184372792315,66.70241604060156
1040.0486193057027,381.5264642117525,54.20682343470516,66.94087793841427
1040.804852875778,382.05118732471516,54.14237389175339,67.36327364383207
1040.596457769023,384.71231084841554,54.48370077302764,67.5829286617084
1038.5481723161251,384.24517904073787,55.59431310262062,67.8098437515396
1039.783512445106,385.3165591408235,55.23413341877071,68.25565247722591
1038.8060298207697,385.8921147763929,55.07990319663362,68.61354889842416
1037.7152470710446,387.45985460190985,55.06043534227837,69.190713585998
1035.979676199044,387.38927303194816,55.82413837892753,68.70771572090116
1035.5541839074856,387.4806522475817,55.87303011183624,69.0348265075068
1035.3522882494824,389.2818716929392,55.88261228134316,68.65942862288
1035.7280624821879,388.6606427435919,55.57942863998859,69.03080683827076
1035.1905573205572,390.6004986964367,54.93711959393382,69.10141851427676
1034.9455384690937,390.55591894928295,55.192260338986664,68.7673154422562
1033.3698241966772,393.1524861135723,55.53496805671705,67.99636415048163
1034.8054345995067,391.37117307639716,55.1155781150106,68.81505821608869
1032.057555566279,393.30473617394733,55.08865780622161,68.02389647182456
1034.4052902319172,395.9189309682526,54.4010558112186,66.32132856900502
1032.8672158638155,396.78390737783803,55.37610577155814,65.90793685270121
1032.603228796049,397.7249798944222,55.805227503629254,65.67173641486983
1032.744010140183,396.16028844429917,55.83286891692374,65.94653104492848
1032.3068551180208,395.54413152491287,55.644956718892814,66.38116772439176
1032.751107162346,395.4319957025427,55.97230167218162,66.2718413216372
1033.7643948889545,394.37658710403775,55.59676331594157,67.12565485367664
1032.8692389062817,393.61028837271857,54.95429692282784,68.15156103928794
1033.9362908884823,391.5416213677077,54.530517722678255,69.27733222506038
1035.4874466882811,389.4829765858785,53.8884169232516,70.32387250588188
1037.283516026449,389.2559090827884,53.279045590436894,70.36302015659142
1038.7096529308963,390.17927974760465,53.20941223869589,69.93585201478699
1040.3381991202052,390.0046978165887,52.395317077256195,69.8594029503357
1042.0850246244754,391.4729930397731,52.071627759618636,69.14801864067041
1044.215683953061,390.64408938612905,51.33532827130112,68.97410952969223
1045.0867381587223,390.1461628580461,51.34774063386632,68.32810424654835
1048.3802365484673,391.39544028088903,51.41880488190273,67.42991730457192
1048.9438674806477,390.6967095643624,51.294677387392376,67.40119134157582
1051.9682932446742,390.115552796399,52.03609189632656,66.84230286162574
1053.536990500535,391.2499750582801,52.18071485401096,66.27871062763566
1052.7874594032494,392.26150746194804,52.18616809701389,65.21461773792893
1055.7017410760047,391.43071045684115,52.25011135092916,64.82518969537782
1057.1384928864409,392.9426017354792,51.73661167826876,64.18047908901433
1055.6571791389945,392.3031643414894,52.06627694629359,63.72772784321094
1057.0153815481758,392.0057164410701,51.153566972176804,64.05328283088959
1057.8953787017158,392.0759029482553,51.12823042953181,63.33826703907617
1059.782876410066,392.7761285865556,50.671410805525554,63.881498075441016
1058.9428309094972,392.02306517752106,50.35764823763226,64.89567608031012
1058.277335347661,391.52661670577436,50.52133007709469,65.47071942997718
1057.1977435020553,392.31113904166597,51.25847425948649,65.10949004769134
1055.4460024791235,393.92509225257504,51.9618249843967,64.39040654381141
1055.9807435123992,393.63295652728306,51.655731849596435,64.20071311249838
1054.14944950425,394.75912234353353,51.610902616215085,63.85081725956904
1054.4968808790654,392.54231478461674,50.30124883093215,65.09065553147062
1054.6089353754355,393.60398659500953,50.05239920370611,64.74901371389235
1054.132948459114,393.98814417517247,49.858800373995386,64.69056442165817
1053.3786602371802,395.03025303395094,49.33212615410616,64.3629263416286
1053.8816543217486,395.23241183186286,48.84773775456144,63.98359194139282
1053.3477028333266,395.0347982520571,48.402318974088594,63.586569838671394
1052.139792279666,396.489095922072,48.10658698463898,63.14793876446491
1052.3112059314176,398.5084847552301,48.56877387419373,61.54866858258478
1051.3683646851457,400.7374334327436,49.22726205750271,59.122402935702866
1049.4274338098642,401.987110745737,50.09638534180296,57.80072403374561
1048.2452178746664,404.50454587978766,50.87477778825587,55.574558141865026
1048.319980407069,403.7273782422572,51.52863678907918,53.89956430773405
1048.428724891127,403.9581278291016,51.769349169744,53.272388838287924
1048.6698757797874,402.5698284674068,52.162392384107314,53.43553012034758
1047.6697079601133,402.3252960641417,52.63402743332177,54.365055072351296
1048.084715012963,403.03089294096014,52.806558922791886,55.82461603749498
1047.8878099419244,399.50999137129463,53.03768481797134,57.3670419261546
1047.9552643547502,399.4469066058465,53.54295973913446,58.12426699093682
1045.551933499425,401.3264233266021,53.91300359852716,58.402404913256234
1045.004652824096,402.35872306291037,53.97363631644921,58.5114669110528
1045.4181847991572,402.8045916143408,53.79083479937887,58.690382889132195
1044.7583635002236,401.6583397373673,54.273839363855885,59.37750789609273
1043.9090274647565,402.92371852060893,54.53265407108948,59.42093021738122
1043.7008341904657,400.4821512224012,54.960717388443136,60.556030574981285
1043.661306249107,402.91541032274944,54.9721350229558,60.121550204637614
1042.8028363475755,402.0739604362871,55.564431619422024,60.27214020697818
1044.5058733133574,402.9649950784469,54.82043392267601,60.1848066881157
1043.2262829147428,402.91570368156783,55.38569522813715,59.834313008160905
1043.2131513946124,403.7235112129294,55.26205191623566,59.41599408801597
1041.6441255075008,405.1125537584887,55.49465620739583,58.55284947331492
1041.7354877133769,406.1302451752505,55.6394805975428,57.437181388650785
1042.289010453543,407.71873080038347,55.67256766363559,56.290191751543944
1042.0773685909035,407.6121835004509,56.1941328543851,55.97983257934111
1042.8168729146298,407.8947590733587,56.332165556343554,56.0028324712184
1045.463930698386,407.43345918457635,55.83856277951115,56.496446355056804
1044.9681427480407,408.6000854814072,55.820168730479665,55.616151987599046
1047.2094044895584,406.3651582776403,55.35690613077512,56.35590957811618
1049.1747920566697,407.37463099852096,54.975560890046445,55.89226580261466
1049.5548278625836,406.68069036632926,55.079835007569756,56.209083786892506
1052.7567035499324,408.6139389891359,54.883680888579185,55.3338456393323
1054.5957270860142,409.9036564048906,54.48973029583108,54.57382840368609
1056.9675051711918,406.64578399149815,54.80839612941295,54.98866971942371
1058.773948157709,404.4308438882848,54.187904126868176,56.418724925087474
1062.2208004152762,404.65475574716424,53.64510884482661,56.724677399993695
1062.502562013264,404.68153138918706,53.67803055365539,56.11360292497278
1064.1495076934423,404.77127373647704,53.75923575282311,56.18857990627522
1065.1359147583414,405.4729602561882,53.48039826372619,56.02309496461602
1065.6418721647387,407.0870436205158,53.558450582546456,55.357363862944474
1066.3071509927754,405.42287569610863,54.31713514639807,55.54159213157374
1066.66043114117,406.38804716940143,54.39010221577005,55.103916621587885
1065.4246555359423,406.5976148193033,55.206403592164804,54.5089163272582
1064.5035810221082,407.32762930029696,55.582469689268216,54.01328390162125
1064.7568094101453,407.9904076968943,55.38789719721335,53.704497590489844
1064.705857109259,409.2126857097156,55.55213420190108,53.068935977269504
1065.8270079789615,408.933704869858,55.02282167357815,52.12089797265084
1062.9328754730946,411.2833615129242,55.11943104947828,51.36464246201581
1063.7103547087704,410.1604145866118,55.63270273025704,50.27886102357923
1060.4563682697703,411.25611985357284,56.45247036610009,49.477262601511725
1059.2348060127147,410.5389189329343,56.63954500876642,48.88275499797983
1059.2550128566952,411.4970428537661,56.83706190177928,48.26243754190575
1056.8667596730127,410.4071247063361,57.055833779703306,48.057938318882506
1055.7277353428458,410.2710597759129,57.910844314998826,48.11798862493273
1055.4586647938377,409.57224026703614,57.84273858398244,48.443657418305754
1053.8027019725773,409.9129689882522,57.54895896527253,48.337254204179445
1053.3581804324717,409.9792106130516,57.23557382378132,48.16302976969037
1053.4980118459612,408.32751724510945,57.8416326207,48.16130485892247
1052.119574605359,409.288059606091,57.34817403114897,48.429229326565036
1052.209489490446,408.6818099226841,57.47622746400488,48.40516834868279
1050.7040145746766,408.60637298573704,57.44440547928987,48.358132226663464
1050.5349784113141,407.4210269739411,56.61629481117245,48.94088684753009
1049.702122790107,407.6183176468048,56.33883932079845,49.05124303136653
1048.5557030562466,406.2904590004886,56.13031312689836,49.48042667264704
1045.6596540767544,408.9925875278386,56.362143160620256,49.40184272127953
1045.6009952443346,406.4389224831766,57.02159993840908,49.30524147896904
1045.4840379733914,407.79162054357005,57.28111820493915,48.61646790151709
1046.8760391954133,407.5942010576379,57.05365315065028,48.392317882597695
1043.7747810843873,409.0525074802566,57.28841691603747,48.0412846901466
1043.3113788855696,404.9249294842939,57.2164281289157,49.281367382664044
1043.6103278040137,404.5968758043216,56.794278535955655,50.074429676013494
1043.8434949046268,401.9411578825617,56.094226371629674,51.39952261258149
1043.1461542706415,400.88521437968785,55.89460081300879,52.97911379523192
1043.7767651303109,397.25431624079664,55.4600667276614,54.84525682518104
1042.6766662872096,398.75930493560304,55.792679946929475,55.766371459417826
1043.1058471022723,396.28230944486285,55.62579889379626,56.90491558726042
1043.1357384325206,394.5660031745263,54.84658227000105,58.07755078723531
1041.7677549294342,393.1982859114484,54.10916704160054,58.86933089539945
1042.3973256216852,394.7755010274644,54.90616917936077,58.80781238364342
1042.3513889677993,393.96046949097234,55.84349175595085,58.683001942452066
1043.3435704502726,394.0857362075511,56.318757134586164,58.8422333951969
1044.120052455158,393.1277334290934,56.25715247788072,59.06008939023033
1045.679365527192,393.0815596484492,56.29070509815635,58.97323740494322
1049.4846861984395,394.33033627246226,56.52694085374471,58.59497307827329
1050.0001414111716,395.7572809241566,57.11934087501972,57.684712324460435
1051.648757304331,395.6261079926247,57.293092832368345,56.76470361808903
1054.6170785684128,397.1301977356598,58.22281335275824,55.98191480470254
1057.1764919459256,395.4351120129392,58.688130713180584,56.047573530035706
1058.208367874104,396.01224676698484,59.22310393731409,56.0713596659798
1060.1716081671225,394.9747913148648,59.25191581457949,55.759568986357635
1060.974300315689,396.9279981453103,59.927710945547034,55.315226267391566
1062.4853101505296,396.0664108427493,60.239897856981756,54.80113862352077
1061.6728000277328,397.8445689645002,60.44400774414622,54.186819192839366
1062.1860344276108,400.65758325561563,60.62359077086726,53.53257567912044
1063.0812900317349,400.8992985223071,60.37596725030242,53.741626007878146
1063.3666061786664,400.9027781417726,60.32840326526963,54.31077200595429
1063.338383177431,402.0798879250653,60.507625008661556,54.966716700233206
1060.5381914738102,402.86229031222814,60.80445101996819,54.80216844045672
1061.9421084887897,403.6189858878752,60.71788707439036,54.74459701515286
1060.170903016172,404.3701838890537,60.79760623572092,54.91825954360341
1059.0883372992773,403.90839771600974,60.16622649626193,55.573965904059435
1058.972358958606,404.2711996382287,60.55994404424659,55.09997832897153
1057.4308518550495,406.61404304876567,61.23456534517093,54.91094601839569
1055.1131897807052,406.7614349616282,61.86957096663785,54.88761435136007
1052.838354711839,408.06782664717497,61.99386945748884,54.096461100543934
1054.8217072453774,410.78512407324547,62.18737070831385,53.78241688087972
1053.1877580681773,411.1559389360132,62.55906220693984,53.71755665035475
1052.395150015295,412.63397180015716,62.50246253111139,54.01868353376108
1049.841352863138,415.22213377106857,62.38134427667916,54.53066687724704
1049.5945036462551,417.30455994189185,62.06747910752024,54.929931013566886
1049.6605941149292,418.1012155872428,61.533871527039054,55.53581963779715
1048.60336214723,419.5931506878036,61.07097960077348,55.711783583175304
1047.352277804777,420.1238534081474,60.771419083408944,55.37847039569576
1048.3268615202765,422.3054048756601,60.5772025334144,54.32688517612455
1046.0549012804163,423.6932690734094,60.866067108746336,53.07128026237643
1046.618939029402,424.56708573110507,61.46731106401441,51.58335079177077
1045.0881553087904,425.4259488494372,60.698698337085546,52.06470812177207
1046.6109779547344,425.73791888896505,60.28224325172535,51.349691512200195
1045.102721539129,426.88914969128706,59.92045422403388,51.54815115694588
1042.7499647302932,427.7443853386749,59.718312125763745,51.43867456832408
1044.6422702842708,427.83930990449227,59.44465778202941,50.97008374915306
1046.3064559465402,429.00199176471705,59.185940922212694,51.39041824228077
1045.7696613901078,428.2693632054584,59.766143319426746,50.42157902443343
1044.2087356692145,427.1393203595279,60.7062807032909,50.204854499390606
1042.2105509384742,427.6566410759499,61.72573337476291,49.7559209098504
1042.1964680183853,428.4124849373296,61.411476431565994,49.75503986681662
1040.2862164404703,428.9631676320023,60.91870758803667,50.467804902924435
1041.345768055877,429.03492291203224,60.05754441116308,50.544671415556465
1040.9668941666882,427.6796679136497,59.79319090646726,50.551631550413546
1043.3058053295167,426.90474127959044,59.24970791339095,50.443945689274884
1045.0215321545863,425.6071728531923,58.011361152976406,51.19106318057521
1045.2062132017297,425.09319507148507,57.742898144091946,51.04604666089793
1044.228885073063,426.36940684828187,57.84150617506863,50.67795690857379
1044.4006300183162,425.04661882294863,57.995362417556365,50.31154598833877
1044.5921544976295,425.83408048023267,57.778970161686765,50.52807090928253
1044.1515744467297,425.1495024816711,57.04277026764443,51.056663489924595
1045.0163542911052,426.0020981127476,56.35478446099635,51.15575548907073
1044.731525636985,426.49097450858244,56.40590657245551,50.79014120715141
1045.6199952830118,426.8937152312251,56.444805378927796,50.609268934210434
1043.4680459223919,425.5973202276601,55.80397954038389,51.69581881186953
1044.0585548352256,425.71686362343314,56.03114278599787,51.654340848868046
1042.9875065174253,426.03464654509025,56.23382694696582,51.15264848313197
1043.4626031064006,424.12757395580934,55.93128591821604,51.57097876606397
1043.1715264506838,424.69117711086926,55.671906462830606,51.77075102020646
1042.1983131833445,423.4256571003686,55.56875218505514,51.85967883379506
1040.8983761649808,425.11837829098874,55.8464123336141,52.01931568381703
1042.483184141361,423.46137554530065,55.476692621087764,52.23880442104279
1040.9763918519855,423.9579719723587,55.840673117731484,52.008539754773864
1041.011824363276,423.8341026147343,55.71780723726093,52.47452703104723
1040.6089449903882,423.65362343113344,55.966225182274016,52.46019729919849
1041.3050896306754,423.8475592429513,55.699355995236374,52.92645993717083
1042.4616508871138,424.96178632195074,55.4148463344561,53.0173574522982
1043.532147263536,425.7265213935473,55.411662619773956,52.505831287414786
1043.6516006786376,426.74091740485323,55.81402690391989,51.75690190709114
1044.115547926045,426.5690710545516,55.76465349389018,51.617042718036416
1045.7961175087753,428.92852538843147,56.24808281941214,50.24780469885146
1045.6019054297199,428.4704225900235,56.601716618085305,49.79189301470745
1046.9179899544977,429.38205558817674,56.876843749255116,49.22175995773958
1046.6158458082157,430.5319256097768,56.87698621690964,49.12376613989646
1048.4241672052196,429.88190041832496,57.30530344487444,48.21916802807966
1049.2618538334573,429.6501330360418,57.35562961314277,48.07409782505195
1048.6865704787137,431.10113833657545,57.45396787185466,47.49718502328578
1049.8948305529418,428.27953399842886,57.17521623040241,48.282306636743215
1050.1099443325875,430.5010372452513,57.197715422676815,47.77311919865555
1049.9578007389957,431.6107867789024,57.27236108292289,47.59722355161096
1049.9371538897028,429.75613982430576,56.93004208915263,48.03110633180638
1051.3616659904174,428.5124738826579,56.60324898971328,48.438814039076725
1051.6372083498857,427.9213229767751,56.86105711688408,47.89318745080261
1052.6575475486868,426.8746875563006,56.92727178187342,48.146843304378265
1049.5818452664894,425.83323532754287,57.3161636623998,48.36426721971084
1050.1525719228907,425.95014585547847,57.73223991826928,48.87610927028112
1049.2798713141901,426.6748379665451,58.40186825416289,48.60958971413302
1046.6610317115903,425.8946347771654,59.29688989329191,48.45707042036132
1046.4539038642781,427.92650465884753,60.295972474569915,47.64297589015135
1044.1794162054775,426.976163332188,60.7304286729086,47.67358892047695
1044.4553533229955,427.16483719268433,60.60168351959894,47.8642964715866
1042.7822948149421,424.2673825498678,60.29207171871939,48.859072052080435
1045.1135118360764,424.68610764804083,59.460026460859325,49.406440052031186
1042.5207890403385,424.6596086789651,59.690044882535275,49.39257232993232
1043.0515917130588,425.92368497112085,59.91746400933162,48.831330465492414
1044.3224536279436,427.56110593533367,59.209260353588476,48.616545700305295
1044.151204764283,423.9685151115268,58.828734249065235,49.11047130162393
1045.1915131488427,423.5816953823688,58.60787371125379,48.75609714910004
1043.7163722562927,425.1896802122749,58.84241314672893,49.21900174351457
1042.705846356826,426.15058598795594,58.58824908148088,49.00677836220406
1043.334886515855,427.26568083924064,58.34411112430095,48.91769240414148
1043.6535842053474,427.63756489040526,57.71474875083692,48.58600220555977
1043.7028095279802,427.50227684822255,57.42845670506735,48.245508431850965
1044.091001166087,424.1367602201759,57.13881720684397,48.3388959665087
1043.1266282976849,425.1063895804926,56.9140929042807,48.236794972163274
1042.4961661858943,424.5884733020224,56.236432084908216,48.95133885403384
1044.182645665129,423.3706783356228,55.882018992451336,49.49406849344459
1043.5132592065625,424.71601779245754,55.99260947454877,49.775392801287055
1044.2549452230887,424.1784379862469,55.06732949920138,50.16196898008026
1045.2863570015938,425.2795977863918,55.44443256648881,49.844348962844
1044.46631717665,426.42714098823296,55.34029374771099,49.534387027965124
1045.7513957549913,425.94377591137464,55.32806634528529,49.157624554537875
1045.074121546905,427.9349886499658,55.560482936964455,48.63698010228842
1046.6053103899428,427.7608547793984,55.07912775188082,49.141034536519314
1047.072858638726,429.0216601461915,55.284023491405264,48.69334023817484
1047.1344405537068,429.10715255593715,55.394020425422795,48.64355507123612
1048.118403929853,428.4403292483535,55.462147330662084,49.0676201443883
1047.7287157916344,429.80644809515866,56.1065049156786,48.91180919523919
1046.3558890085455,431.93971495523806,56.309103662749244,48.19389546066073
1048.0763965630251,432.105073850472,56.53441245401295,47.98798387314095
1046.0514619756368,431.7855569257001,56.050193017186814,48.110551581937685
1047.4609023960163,433.19717747178544,56.29281963988289,47.828394302480675
1045.1808127944062,434.91594551950305,56.36503135195322,47.763145957289524
1046.0471506040751,433.46247810278146,55.891951245959376,48.80706752321568
1048.2961761049883,433.830268840901,55.22910317649087,49.34334068602992
1047.4001930822812,432.126507404796,54.848480396678795,50.136558777279916
1046.149396336218,432.9156819898233,55.19650275996035,50.09008164129804
1045.702858954619,432.7607208460292,55.47045376627283,50.56412981842606
1045.3133450705461,431.30808421971534,55.556684827265144,51.05181126082733
1046.548877299776,429.540877754855,56.55930968650844,51.67976843531422
1044.3137166864167,430.9169883575332,57.03614832350573,52.29662443561573
1045.4908492987556,431.01787727640215,57.129550220714705,52.23327688035147
1046.1614208198657,431.95497718199886,56.73037877855042,52.560512635106534
1045.0058374467349,431.66896744325135,56.959872617936455,52.397653453353215
1046.9729952053076,433.08603539028945,57.57852846385852,51.71349977325097
1045.2252102014995,430.74872570344735,58.24647319681662,51.64363758336712
1045.6968803514621,432.19169882335615,58.00611293839548,51.70376058411952
1046.156168548504,432.47227445131836,58.11617609928906,51.4675133229938
1045.4122986333773,433.41943232575113,58.38801431630687,50.69561335514933
1045.599156034299,433.97721573308456,58.10898654418279,50.79989362357426
1046.4094429981708,435.23443364013275,58.46463751573114,49.70915849974729
1046.7683071201825,436.08141886324546,58.17008561991712,49.34521658745746
1046.7299814717235,436.4659618578968,57.526030930812524,49.019041239586585
1048.6048086087787,435.96533192416695,56.79797809522437,49.166123214838194
1050.289171860523,436.83546896775863,56.66487375932273,48.65492527473434
1050.1913491673477,436.43651047330354,56.83095471473665,48.35977938598948
1049.8906636227498,436.5857282125009,56.83384748667141,47.857133745432
1049.94861025001,437.5482432545082,56.99046634023862,47.528324273943284
1049.1614365773883,435.94567692743846,57.067237329548085,48.091892558881064
1049.6918199319139,438.1373456238318,57.55335336910032,47.73780101951859
1048.928952339929,437.0661452943142,58.22667543518452,47.42965922860258
1047.8320327680633,436.936174572397,58.91289376745368,47.60609648735638
1046.7912788936458,435.7683819065771,59.22206849035631,48.27302010539606
1048.2193280059814,436.1458620494592,59.89861930590713,47.95611864297891
1048.7099499394214,435.8998736727594,59.425767713406735,49.196903482297024
1049.5882401543784,436.7436953297686,59.56915376184079,49.30642115136415
1049.6934207080171,434.0262791654228,59.05576019673471,50.35804997358609
1050.5183329696022,434.3811245506383,58.999247817844335,50.63529458027608
1050.4008636470871,435.73613995534197,58.928467742915025,50.32242644672628
1052.7231259255611,435.93737108760365,58.81735898033965,50.16516320688021
1053.8090232567567,437.4072477721394,58.442007184273564,49.66471252068531
1055.1635126523727,436.943973868193,58.19113324190342,49.241709127711346
1058.598913323802,436.84667481482774,58.48592695367152,48.8880740234014
1060.3069522832614,436.56595932965723,57.88953473230839,49.21021448809471
1062.3172896857598,436.5585343087176,57.80715004648233,49.01815722783283
1064.3445084103969,437.37135152103076,57.75605045731568,49.03120218839174
1066.4065860249718,436.3456330693239,57.11718790127677,49.66226517517945
1067.998566828587,437.10198718836875,56.410675949579506,50.307849469056876
1068.8326473049897,437.7208601134957,56.44123139882787,50.07458564967153
1069.858386039004,435.2842989786586,56.06658839487238,50.57857492374027
1071.179913270561,435.074927449851,55.80099417307609,51.23958842121871
1071.7415460455338,434.26173122439616,55.56231763956781,52.3028867330293
1072.9827290806973,434.9222510514883,55.51079396883843,52.815570743128816
1073.2066538261424,434.2970447083531,55.390300965460426,53.69792164846953
1074.2103224888046,434.26345970459494,55.56643126670771,54.087790249125526
1077.2645697560831,433.69008928978974,54.86316725430643,54.943260107437766
1077.605650409221,433.4667947742162,54.486798488342444,55.172619504061345
1079.837877850057,434.06837660426606,53.68292185755547,55.53292048553266
1080.9325084341306,433.5589267333989,53.144612670953094,56.06928689158129
1082.8792624190069,433.7869808615132,52.668444502988805,56.46217867206921
1086.2188515853609,435.7404601577177,52.52545334221678,56.353269052743734
1087.8067682973601,434.12568656073324,52.56545048271725,56.50235498305602
1088.5703921764057,436.77707845251314,52.74407967107538,56.34959799774443
1092.511472486049,435.47514507222945,52.99506056942809,56.24553133240852
1093.46392238598,434.8729520282875,53.11293308173035,56.925667747402656
1096.3850046528858,436.0258667976183,52.45344629373767,58.30089637715245
1098.814136792678,435.05616893068617,52.910740924522784,58.70262280998361
1100.879381549019,435.7221423021181,52.77147069399165,59.56764676833741
1103.6293796868938,434.64856526289714,52.947145995695394,60.43610931655172
1104.4752586606612,436.83814847977504,53.01414003657162,60.68154090907147
1107.2194446241642,436.3520002752458,53.145347901588096,60.792180771537225
1107.0932165189527,437.9557369110141,53.12722954230922,61.21644067909304
1110.0287992273363,437.8678073359012,53.80248517656719,61.39642455874734
1108.205334353595,440.22769507886073,54.293819383049595,61.7951736242198
1110.8323816702255,439.19566458158914,54.47366992877414,62.201738524059365
1108.96099254646,441.96298735270506,54.44996677676919,62.27970046092295
1112.390760570776,441.53531588881043,54.65518807524414,62.307067579138106
1112.0996784978809,446.070697607493,54.89338368060403,61.84990105797174
1113.7315245468246,447.06931908675375,54.366576176680134,62.082000560082506
1112.5593424670442,448.60437143256473,54.73602888490154,61.26093814102826
1115.701406158211,449.76821041435267,55.1224065494121,61.055774186928154
1113.2619664004046,451.43394497118476,55.640985047263584,60.78908888483319
1115.9895671105583,455.4533203701658,55.45533347360566,59.9371705148496
1114.118066380875,455.1660015887841,56.54238843982348,59.58379797152621
1115.441312753707,457.8118895287361,56.40687153186657,58.931496006722334
1115.0977152383873,460.20116074691674,56.57665723786016,58.51476234721659
1115.0333447197986,460.53824787909474,56.59640990056609,58.39327024419177
1114.300140977315,461.7355080467048,56.5608121660733,58.3738648267267
1115.7629493816155,462.81569413470214,56.702931029469696,58.19680323098569
1116.1147702599392,463.79983314011247,56.59803277114763,57.671437321910666
1115.5229957771035,465.3639951799314,56.73593387724574,57.33460999596534
1113.6289635610876,466.19083867968874,57.082031537197764,57.32245601360924
1113.8855786039219,467.86817042728194,57.118209648932535,57.02818465976502
1109.7772878847381,469.2301903469999,57.161950015217386,56.668631753083545
1106.1995691671168,470.21907623338484,57.76200615239481,56.20601314994569
1102.6470738890805,467.1989327603557,57.524397316530354,56.721737260310555
1100.4459171595624,468.6955233739509,57.51570909328471,56.875163193688365
1096.7918449923895,469.2659103737508,57.74342816517956,56.90579772813857
1090.9408359795489,469.8842753997135,58.17274015906165,56.721617872860804
1087.4573448116425,467.1357297761113,58.42252936819554,56.459246763497845
1083.2101859846764,468.45923981635053,58.332065375399296,57.3525406421411
1079.5115932432059,468.5311021627056,58.67606205752884,57.46847059058231
1073.875788923422,468.60126295258493,59.08358359229889,57.19643068818904
1070.4098885750866,468.03648956638455,58.65779218310435,57.75095881625688
1066.3387733815075,469.43674503104904,58.21940752662268,58.06200179432234
1062.1161777938512,469.51621725801414,59.29818844650312,57.793950971075546
1058.8900363392277,470.1259594122645,59.94408202393234,57.70683260457628
1055.005042327141,469.2050083021262,60.41713162876403,57.752276699738275
1051.5211541577246,469.953094529186,60.387299305945106,57.86724163575549
1050.1571444233473,469.4586655695744,59.43995261144586,58.467431792699145
1048.3294018384056,469.0747257393861,58.33076025676265,59.55777663442639
1046.3368034261503,469.108649979491,57.20692445035292,60.64672472880918
1044.5923726748615,468.7862289888545,56.240616275195954,61.273724488077164
1040.9624400498217,470.4208270296273,56.1044592054816,60.818457010657596
1038.8464162851528,470.8391932205911,55.782691846819134,60.631591805739454
1035.9655633741554,470.9673139065499,55.65158589360614,60.416299573565894
1034.5892338280705,471.01743563122153,55.53354629536159,60.25427013198769
1032.095312197379,472.1599840749021,55.53912170014698,59.952841095120846
1028.234161008548,473.847835092391,56.1704964769484,59.38311044419159
1028.146586783283,472.11775383993233,56.251866659975235,59.3520927676057
1025.434437129748,475.189991126602,56.35960617548084,59.17399068419547
1023.134953974472,474.0887566239575,56.6023479491368,58.7310148194894
1023.0141819325338,475.44333506399676,56.170078093918676,59.077489815402664
1020.5725867918788,476.818570468682,55.9826354406582,59.23060849310798
1021.7551551734756,475.25250621916604,56.4244454319203,59.30244927813547
1021.98097274676,476.5287956439407,55.91745586525565,60.08713878109461
1022.2701283749436,475.01721292581897,56.93009652844424,60.222468237876456
1023.7803586038817,476.5019363422237,56.23951869233318,60.78146116527515
1025.2781612986466,476.1738938477336,57.12304032840766,60.010868688816444
1026.5430072230702,474.88929132895214,57.02978060274492,60.77691150923922
1029.0559076331979,476.64393455393366,56.20291147651989,61.25433632293274
1031.5795996085878,476.40180042411026,56.50926774104163,60.79428545358937
1033.8906635562332,476.10813793147616,56.28350167360106,61.28288972440776
1036.2263841889462,478.67275801931936,55.56942067581429,61.83938811225888
1038.4739641155907,477.0671356675275,55.84392701744109,62.20510063696378
1043.3334061572934,478.87319910457,54.8547649570461,62.52116065634197
1043.9766176096146,482.1513786628755,55.444346509877384,60.79486392910475
1046.3567600138306,479.3282498010011,55.60858457818503,60.73464973284017
1051.2370065951,478.10057521556206,55.951772026302855,61.426342406716586
1052.5353796265103,481.48448287655503,56.21521349399986,61.02684659614422
1054.0389940445866,480.51986803545304,56.846666069590206,60.998523726124965
1056.865786878062,477.80699757188506,56.87312123897408,61.48150800042887
1059.4860832515844,479.7596639292414,56.96150321574465,61.27881248130331
1059.8823840901273,481.5609468653508,57.14910266380426,61.29771443783518
1060.8789020788033,479.5057914542894,57.582000524342746,61.50902461527417
1061.2408222801973,480.52074096398866,57.292954636925856,61.87250933725443
1062.620218356961,478.5716180203346,57.102337799255665,62.132316284514346
1062.2910953040225,479.41675883516604,57.19856717959239,61.882881098027745
1061.6022658278082,482.5605714700289,57.35681702385904,61.29526040593877
1061.749766569841,484.1607172818771,58.77187351365487,59.57749675350996
1060.469112878606,485.0335379106033,59.517969242415944,59.08757551539817
1058.389237114075,482.43909422291756,60.27459310118975,59.34450230803651
1057.5394715505658,484.2374799337386,60.51155952140582,58.540165578777156
1057.0978616154807,486.4194491823396,61.62163568286999,57.49379896000849
1057.0154776924387,487.2961409531491,62.01633339336054,57.35976823592472
1055.9610537712358,488.3301353613703,61.6319334883452,56.866844317019584
1054.4662445147278,486.96041411051846,62.0476379503053,56.90562492106405
1053.4612911747818,488.71630997096986,61.92005984130262,56.3532936970637
1050.1999358242824,489.2091197915017,61.9703369752543,55.925908091968864
1052.1675318434754,489.02793835205705,61.50651253444806,55.88865660694937
1049.6753967991638,489.0968802403928,61.493533973474214,56.5432413184942
1049.2242428148654,488.63300024822104,61.244416580437516,57.05469865167082
1048.405787450072,490.25324712437487,61.16280345004668,56.99289628653973
1049.5856728223027,485.88348341980173,61.02529198865105,58.51386109268912
1049.761443679377,486.2636774465226,60.7981482675903,59.58125412044702
1051.5788414997933,486.2570659678006,59.65136136432204,60.587382813860536
1053.9450636117951,486.79989728977785,59.12358709271079,61.652009467009975
1053.4643877661338,487.8112650789884,59.52331139603292,61.74489187908263
1055.1631488863543,488.07061671679503,58.83558629952795,62.052584353515115
1059.1159997243171,485.82486169496474,57.57990903766516,62.61964399968424
1063.376730054798,486.7327623273607,56.42532831673647,64.22505731542817
1061.5697392331097,488.0520626451399,55.851975422606614,64.81223669009323
1065.6954194728783,488.4692672959962,55.44560281233206,65.01086517009605
1064.3653076224239,490.37876893668994,54.636636630962656,65.45147111112071
1065.905593775865,488.98705439680793,54.09898276776002,66.1451108003207
1066.3374796750677,491.26061686025446,53.3992886685392,66.59370769044428
1067.8251543056988,490.3141074221971,52.94155329506368,67.02782516122453
1065.6901556242813,492.0537571849226,52.7202181269234,67.01981097894377
1063.0535288557967,493.0402875051716,52.53708557456757,67.26023438728905
1063.0300441935924,494.7424431927457,53.10645539736638,66.70334632718905
1061.4113750774732,496.2126251556626,53.492672680813705,65.80598023842201
1059.8668742620157,496.607606329888,53.67396614369845,66.0355038404411
1058.5755448497969,498.4261257743959,53.64001420267904,65.94214061251228
1058.823825078344,499.3101324918747,52.629777877073565,65.1065703790966
1057.099055184213,499.4125973515323,51.66273555779153,65.91673803946581
1056.1738842617171,499.7717153380329,50.92567625112615,66.36079049381762
1054.25612920436,499.63768995670455,50.12317920183945,66.76229081091769
1053.7996940311268,500.8717109259751,49.798943821109745,66.86395698127848
1051.7870154982988,502.2132034949696,49.47543537773254,67.350256187009
1049.4839526776268,501.06262687645847,50.016474177493166,67.93884745904253
1049.2822496303968,503.28575653590656,49.98969769577378,67.54783115543566
1047.5144910672975,502.82157126319464,50.48874512401994,67.89168368547489
1045.3463001392438,503.6503156495006,50.45194420653769,68.55451051230442
1045.2711623013245,506.0172398049764,50.714789326257815,68.39621514172157
1044.401140606146,505.5262134837913,51.66605339828175,68.34462191579033
1043.8770432514887,506.68703080350775,51.28134612910392,68.89480367307064
1042.7249821793814,508.34470549902085,51.088311653292585,69.42797742199805
1039.5877475805246,511.75980738514477,51.97572402346108,69.59832439666793
1040.992655110006,510.61576135443056,52.202706726415926,70.28018679520125
1038.273078931169,513.1535232716124,52.24537757011229,70.60799519426652
1040.486231740203,512.7070016068433,52.64115447157569,71.09974152077397
1037.9702814248126,513.1184847816364,52.99450533581599,71.31433050813982
1038.1723177228737,516.1846596675556,53.64638886495306,71.617447979496
1037.681491826607,518.3241667163198,53.742794023003015,71.87039770719339
1037.0577791772303,517.9021149933084,53.56335422089621,72.09271867154604
1035.4772690917864,519.5127530071978,53.2975145361319,72.2965846935565
1035.0825858817295,521.2746017973265,52.96010879094733,72.58511412402622
1034.1346013579018,520.8479727943298,53.70644550389344,72.14798640690536
1032.490374828602,524.2184956060172,54.0056016493463,71.83367332366133
1032.8216568843338,524.2302020232902,54.321553401301045,71.95520375622222
1031.6983565703856,527.1071380654158,54.66834407264711,71.13274341513521
1030.4008822978014,527.4912084724898,54.367926187532774,71.69673172181395
1032.6771457591656,529.1230974597976,54.041297053805735,71.88857141344292
1030.2975795501648,530.1933530428423,54.129106172399645,71.50956155960918
1031.1659688369716,531.5856706643398,54.1881621401065,70.78387244927427
1031.8459394503,535.0701629376676,54.21298665765944,70.55292453515628
1035.7628541683143,534.8580306992613,52.993762171581466,71.35973957935748
1035.9835926346448,538.6920274850064,53.72898869198483,71.03441358751817
1037.2308260158493,538.5177559654171,53.130496446444155,71.64121952919504
1040.2650752562613,541.1947958138592,52.744081572340164,72.26453918152352
1042.3928788240153,542.7120146972235,52.005517073703686,73.07684094535833
1043.9998087937774,543.0489306518241,50.50345866310995,74.31757829484695
1047.9773690508046,544.4828348782715,48.87881395624592,75.76176725558733
1048.6994793278934,545.782108011304,47.47360334567263,76.73230491858425
1051.6379807868163,548.2104860836974,47.159274473389445,76.94844430068335
1052.550929829396,548.7921788351089,46.47383556810853,78.2273913040403
1054.6131706383997,551.8643239552989,46.5468103099644,78.358948975495
1055.4671145261723,552.5482241560082,46.44057014985183,78.71587882729597
1056.1099070644673,554.3436537982716,46.90272009676025,79.12503623206987
1056.534977470437,556.1856016601998,47.41637373081204,79.31286320642491
1055.8571566653038,556.3293954298985,47.691634543692516,79.66724564583701
1055.96970874819,556.7150035679447,47.700800876076585,79.83318962326939
1057.3487136654421,558.4218774275641,47.95111590309915,80.20924302478853
1056.3830054302493,560.1204500855032,48.57139016729235,80.12679330560536
1054.6631596841373,561.0373708889925,48.62506099911619,80.60584771188654
1055.7381884548652,562.3547255830327,48.60983393251415,81.01987346556021
1055.2732545359515,561.852500785486,48.322301100289806,81.08851887240229
1054.293260877349,562.3669958603459,48.18339334455787,80.8919289850383
1053.232981719094,564.5507500270387,48.76339916415773,80.16109291002984
1051.3746452540827,567.8120396549651,48.93013222334582,79.03842076629843
1051.1168193549827,569.4133263316545,48.81873195283551,78.82502845463725
1050.2004013314765,571.1401636107898,48.64462310505735,78.95954039882315
1049.7844108757115,572.3282038895023,48.28841594056811,78.88426421800054
1048.6127579731324,573.3816134618834,47.83056450962692,78.73596620093927
1047.3248587990786,574.9945580403221,47.966899719154355,78.11574248938952
1048.1283866046444,573.4240692066586,47.84199108640104,78.27284440522122
1046.7380879008347,577.3522970485333,47.2481847788866,77.97964879990204
1046.4478093519917,576.1686303647114,46.18984266945749,78.9551725848354
1046.1117429575784,574.9717732492128,45.81973674597333,79.25933274440621
1044.7275743300797,575.9346306851048,45.82599047054463,80.06231874885817
1042.2158175981672,580.2452614883468,47.049959838376736,80.17306512272083
1042.0253885816282,580.5446517035155,47.858497380379106,80.19901879606323
1040.531360425263,579.837698307755,48.083263049417496,80.56140917389544
1040.1554213461384,580.8326606221232,48.28689023444201,80.56822846262443
1041.1974709107249,584.1125171629593,48.61364067649708,81.02221205148439
1039.7424334138423,581.9568246535151,48.6636819197285,81.0198968712455
1039.1202875960307,587.0744186129466,48.870940951134,81.50422856755587
1038.2106275500169,587.0776030085771,48.25002948150102,82.11923790005527
1039.5221586050534,588.6174621162658,47.31317418905475,83.23078526771616
1039.6727482778751,586.083381759022,46.80917779080848,83.1405888388015
1037.5727172745617,589.4861684549614,46.54560101493408,83.16590228774302
1040.116529354117,591.1329795338673,45.883987941334,83.46020317985786
1040.0032941097074,593.6477032650029,45.747146185737684,83.52810536129422
1040.0997967822577,595.1828295804743,45.70046043859644,83.00703752954554
1040.4070520702287,595.0430998470054,45.45233353441536,82.90025791486241
1041.37472056814,597.408053559437,45.53046981091629,82.0751330236446
1043.8449068788084,599.8567186659484,45.87607836786292,82.04990936274578
1044.9423521500144,599.3673529888703,45.79828973318128,82.53211855851772
1046.05757672157,600.7868042764637,45.592024101803645,83.16506423276631
1048.379960483319,600.6700436532581,46.37976790795658,82.81417850724611
1047.333740336481,602.954854110189,47.10853141521008,82.34702036193907
1049.7487090622071,602.2612441874237,47.04864019788862,81.57213393191122
1048.6142519049902,599.0469781014398,46.97953347235975,80.46982046178914
1049.5543654221826,602.2752411631784,47.17432508230766,79.67618572625143
1052.3420984898657,604.607613773792,47.2762881461604,79.32792924785261
1053.3830248516483,603.5060975231935,47.53364068764053,78.91763519951945
1053.4008060118688,603.8731706293152,46.65564974256943,78.51438265282823
1055.8800557510492,607.537225167893,46.11940196556341,78.40395164574103
1055.5370543913245,605.0601733662631,45.67614652919035,78.0330921561967
1057.7092439948976,608.9401108081646,44.70128131053873,78.06437213384397
1058.4637892078924,613.2241427961558,44.459016083676445,78.51321108144576
1057.4166760615997,610.6078609738391,43.73517673295127,79.58083770673076
1058.5801891485057,616.7024307604655,42.694777136516876,81.78794218255032
1056.3730242481467,617.2261949403631,43.0523885877777,84.1058794637768
1056.56560177274,615.9862859017409,42.18503118749818,86.38003573753741
1054.384957189504,615.8824710547783,42.527430926785065,87.99724196668741
1053.628065776089,618.2881619818552,42.439866903219716,90.22735019050612
1051.7076069902316,618.6935146682845,42.68806372794054,91.44245792036975
1049.7529314802566,620.3262055709384,42.78037239712127,92.94381548350037
1048.744459516683,620.5186904515281,41.72445870593652,94.75134822094779
1047.0773499164027,621.0497551176053,42.10363888214454,95.06326032689626
1046.663479511608,622.2841874315708,42.36992384590063,96.00936085170557
1046.5669058627918,623.7602956481431,42.38911688020386,96.67900897582727
1044.884419295031,624.3395539478624,41.59313840134567,97.7692959919587
1043.2039709409119,623.4097050782119,41.07661706835438,98.53365002226772
1042.8984456403703,626.0984344516772,41.77231892355516,98.67616693756851
1041.6697691682175,627.9406299247204,41.70546666003626,99.00170421795325
1040.6841809568296,630.3634099748816,41.76172203750879,99.52759215763922
1040.9551091184333,629.491646195592,41.744275366057494,100.33746022229525
1039.0538608802055,632.7585509728586,42.48671229508849,100.99213724384225
1039.62357460064,632.4272717846052,43.23515373544513,101.84919195394843
1039.5985229028718,634.7556321547652,43.74910131108904,102.56819886713174
1038.9182977294126,633.7266478062801,44.03325902399672,102.50864389390536
1038.9118670945052,636.3258356981677,44.83748395033278,102.4309641779403
1038.3037939173369,635.7520775509788,45.29465914997935,102.34668945287832
1039.6415117613735,635.6004262507236,45.6235076053542,102.14652830827171
1041.1430948313998,637.3613002974034,45.91641943199164,102.09048799384249
1040.0520608001084,636.1050843985557,45.90200769721097,102.1120450242345
1041.7598333524343,634.8021391371202,46.4606909746701,102.2932464926163
1043.168237685277,635.1516135961963,46.91001204111629,102.20168297142155
1042.4726173092677,634.7364736528506,47.08066303616958,101.9958548411452
1046.1420635526117,633.5422855757247,47.516276164715904,100.84546318076083
1045.0675013176017,634.050230458937,47.83284343335016,99.72442559064487
1046.916000391003,633.1688542496099,47.67325411528279,97.65818826511266
1044.6040131015368,633.7589459793728,47.0505536797194,96.38380467130945
1044.8228121353504,629.2774633724985,46.258898955731574,93.18398054027057
1043.2023785008842,628.1391195100906,44.48732697371801,91.33860033677198
1044.4441159316018,629.3939921644031,43.1111947131051,89.78915177821563
1042.9431719524284,628.4149792273043,41.89543321161328,88.42859678655321
1043.8293431283942,628.9786221156459,40.78559827449955,87.1033407089574
1043.1949138036764,628.6809716330208,39.99496099803153,85.97002019135829
1042.6696620579094,627.7890190076768,39.7502526975737,84.83214580947816
1041.206586207005,628.6761976486673,39.05805723141333,84.87677828122021
1041.5420312355066,628.6171997845101,39.218880910467824,85.84078284675746
1041.4806728574035,629.813183407332,38.44590782158889,87.0570347478425
1041.5177163201377,627.0959152384273,37.729513972254004,88.29199280043451
1040.9021366385925,626.7054834114383,38.253586653024534,88.00137749151425
1040.2732437439658,627.4050543971036,38.95780032399564,88.25407465726093
1040.3589058914217,627.493533386573,39.07781030051515,89.26476843174787
1039.0345893078902,626.1486120648586,39.14092320009135,89.98610569263863
1039.0524423456761,626.7011952085259,39.26396983414669,91.49891034875515
1038.7206596016392,626.1682230410124,39.45641553095112,92.994967969562
1038.0305381817566,626.8347511924139,39.94365764878533,94.46798461712214
1037.2818703357768,625.9921845241494,40.587644727959244,96.08274882178813
1036.1458982929696,624.2757902130704,41.19037790277649,97.84050721247021
1035.1136184136064,625.0148902553547,42.32936586222467,99.30533677000679
1033.4595592997998,623.6075075257804,43.12535144518478,100.33029133323541
1031.6560125650024,624.0510552252191,44.021317633590485,100.88417338854359
1031.3276282367444,623.529743956692,43.98321665261696,102.84180268238046
1031.8094914062324,622.600134089354,44.293732953183046,106.16927197645865
1029.8962472598573,621.3646708499932,44.49751983945386,108.11504577192221
1028.9210939017153,619.2225706237663,44.406500986585485,109.58646798989433
1028.569784397258,619.898854329247,44.39021168556349,111.26189568849102
1030.6463812154955,616.7973565671987,43.44085711273286,114.94762446225191
1031.5144566805338,620.5975605645224,42.81251060026641,116.99884305451866
1030.2556447693219,619.4777274281031,41.859072716147296,119.10900454241548
1031.8673624720182,619.5441037798222,41.854716089975,120.14862739878404
1031.6131251638412,620.128012563005,41.35310905750242,120.75906660636727
1031.6021449167388,621.0642166531933,41.24608986878523,120.29305874890483
1030.806673954067,624.4323008264219,41.25945670658131,119.78952590049447
1031.5010638973,624.1222138724622,41.259554569558716,120.3133255947182
1031.567887504697,628.0009114685663,41.066460334472296,120.46394326948382
1031.2176711607133,631.401064078651,40.75705038823862,120.80132716293166
1032.5699081066507,635.8519257367235,40.83128400063597,121.18095588993836
1031.121677950272,634.9983400448025,40.894278975640276,122.34266156600151
1030.2135258522542,639.3184787005121,40.67206998808212,123.71826483929917
1029.9688385938402,639.9709043728158,41.27186480646672,123.77149042473766
1028.1281447010292,639.554635585264,42.3829989814775,124.25577206751026
1027.4720133853677,641.2165474034489,42.3067853602449,124.19012380421785
1025.769948718327,642.4846411037856,42.63942869808007,125.02935101345349
1025.5795981088222,645.9561654045277,42.60932659906578,124.67654908936788
1023.0906135959049,645.2775068465975,42.82167110173769,126.07263473884565
1022.3844165126179,643.3904383951631,42.676653597626725,127.37779085252976
1021.9902659473853,643.3276254130075,42.37732874771482,128.7249406977996
1017.3902535456234,642.3955765618799,42.60782726034485,129.7028944176444
1018.0522749761464,640.4724045041279,42.2951469519418,129.38369879163218
1017.3065340282237,637.8090723836435,42.11212039537165,130.85706675269384
1016.5909092987271,635.5482646786381,41.94552549210616,131.95125320190448
1016.5647973788634,633.1360978482297,42.00585650695267,131.16831757561172
1015.1735055609033,633.9083345615884,42.526185427906924,131.0716015122139
1014.7907195658086,628.1132388246417,42.25792701381478,131.90953468532587
1015.3282398233561,626.3501483006503,42.2006925518815,131.94566279484746
1013.5017515962218,624.4254463472413,42.39459522418289,132.51083336998522
1014.0489945493723,621.1675837202904,42.05837457476348,132.22944711265666
1012.5108372453587,620.994904283659,42.329176277669845,132.3970645179665
1013.5227424312626,620.1589612152267,41.9571451998762,131.3554561155705
1013.2388968148932,619.7506559174572,41.63456405369329,130.89387609831644
1013.4361228512762,618.6542255627058,41.454889301550814,131.0307315683324
1013.250410518691,616.5285873545927,41.044720763176734,130.8454044384161
1012.6359211141391,616.0378086271714,41.15280549784019,130.638784426866
1012.5091078715582,614.9723213361923,40.964523951300094,131.21910006755547
1012.8901803116336,613.7722344793599,40.74175091925567,131.4675403827828
1012.1578456666659,611.956624541011,41.14141383387819,131.63595379623885
1010.8944931057447,610.8403611516294,41.09590387545953,131.62480081311566
1011.4751471799718,612.1729570041065,40.77225210575121,131.92276604671423
1010.7381668397647,612.1972463972043,41.15479630800826,132.28105184401093
1009.9172147511399,613.7482243448954,41.23721564581858,132.60085507719913
1009.4047966436456,614.9433183167082,41.462356965062895,133.01092815423397
1009.3197393096762,616.0180048324872,42.39351851944585,132.58079507285606
1007.1328455145689,619.1013513494132,43.34222414135306,131.7977208706386
1007.5017013527053,621.17557057108,43.9262827754821,131.0533237175883
1007.4686249504423,624.2395453343698,44.592704122774734,131.67724386950584
1005.7534814055988,627.0171085301768,45.67166927680801,130.4350637974722
1005.9254304676894,630.9215017467068,45.56030752814944,130.98171178213667
1004.3875754084664,633.9570332473666,46.306346740528454,130.46856113051808
1004.3730671732063,636.7085430748833,46.65371662558424,130.58765231914305
1003.2549765435873,640.6071696235649,46.7589302677872,130.50931897580801
1003.5512668696647,644.2095167042153,46.969668950616274,130.99607731771167
1003.2150803888976,648.2990978654864,46.88028799541003,131.5104240970373
1003.1889542241613,651.2598052867269,46.854466018633005,131.91356560526415
